-7.584000000000000000e+04 7.636351701876264997e-04
-7.494000000000000000e+04 -3.283378143351001199e-03
-7.404000000000000000e+04 -3.613930933170195203e-03
-7.314000000000000000e+04 -2.579554482508683577e-03
-7.224000000000000000e+04 -1.753421704961510841e-03
-7.134000000000000000e+04 -7.781801477904082276e-04
-7.044000000000000000e+04 2.646003968948207330e-03
-6.954000000000000000e+04 3.176164346768928226e-03
-6.864000000000000000e+04 1.526387637568404898e-03
-6.774000000000000000e+04 1.291202258471457753e-03
-6.684000000000000000e+04 -4.288295876904157922e-04
-6.594000000000000000e+04 -5.125284951645880938e-04
-6.504000000000000000e+04 -2.378435153332247864e-03
-6.414000000000000000e+04 -4.080396536664920859e-03
-6.324000000000000000e+04 -2.386321803896862548e-03
-6.234000000000000000e+04 -2.884651902604673523e-03
-6.144000000000000000e+04 -1.723688793390465435e-03
-6.054000000000000000e+04 -1.151891015979344957e-03
-5.964000000000000000e+04 1.283306100958725438e-04
-5.874000000000000000e+04 5.567728449022979476e-04
-5.784000000000000000e+04 -6.493545743069262244e-04
-5.694000000000000000e+04 -8.756299357628449798e-04
-5.604000000000000000e+04 -2.961831887660082430e-05
-5.514000000000000000e+04 6.710547941111144610e-04
-5.424000000000000000e+04 3.928537435058387928e-04
-5.334000000000000000e+04 1.796312628357554786e-03
-5.244000000000000000e+04 2.355282521421031561e-03
-5.154000000000000000e+04 1.250570162483199965e-03
-5.064000000000000000e+04 1.298609158766339533e-03
-4.974000000000000000e+04 2.038603603978117462e-03
-4.884000000000000000e+04 -1.486602255681646056e-03
-4.794000000000000000e+04 -2.902016767620807514e-04
-4.704000000000000000e+04 -9.263092906621750444e-04
-4.614000000000000000e+04 -2.325048657439765520e-03
-4.524000000000000000e+04 -2.124365673807915300e-03
-4.434000000000000000e+04 -2.972933925775578246e-04
-4.344000000000000000e+04 -7.705075222474988550e-05
-4.254000000000000000e+04 1.574875520418572705e-03
-4.164000000000000000e+04 9.198732841468881816e-04
-4.074000000000000000e+04 -6.441995128625421785e-04
-3.984000000000000000e+04 1.265929586224956438e-04
-3.894000000000000000e+04 1.816552049604069907e-03
-3.804000000000000000e+04 -2.390345646745117847e-03
-3.714000000000000000e+04 -1.764701783031341620e-03
-3.624000000000000000e+04 1.305021860389388166e-04
-3.534000000000000000e+04 -2.855404557521978859e-03
-3.444000000000000000e+04 -1.222994552335876506e-03
-3.354000000000000000e+04 -3.287125310635019559e-03
-3.264000000000000000e+04 -7.016660920271533541e-04
-3.174000000000000000e+04 -3.707723681145580485e-05
-3.084000000000000000e+04 1.067205188519437797e-03
-2.994000000000000000e+04 1.257397718291031197e-03
-2.904000000000000000e+04 2.204114293817838188e-03
-2.814000000000000000e+04 3.190751162946980912e-03
-2.724000000000000000e+04 3.987638530816184357e-03
-2.634000000000000000e+04 1.322940024692798033e-03
-2.544000000000000000e+04 2.022881915763719007e-03
-2.454000000000000000e+04 1.260747902961156797e-03
-2.364000000000000000e+04 -1.497694398494786583e-03
-2.274000000000000000e+04 -1.510782874902361073e-03
-2.184000000000000000e+04 -1.565229504194576293e-03
-2.094000000000000000e+04 -2.940211707027629018e-04
-2.004000000000000000e+04 9.580141431797528639e-05
-1.914000000000000000e+04 6.164294081827392802e-04
-1.824000000000000000e+04 9.498340677964733914e-04
-1.734000000000000000e+04 -1.180759319140634034e-03
-1.644000000000000000e+04 -2.741970811257488094e-03
-1.554000000000000000e+04 -3.631443085396313109e-03
-1.464000000000000000e+04 -3.393041775780147873e-03
-1.374000000000000000e+04 -1.884085627352760639e-03
-1.284000000000000000e+04 -2.703524503886001185e-03
-1.194000000000000000e+04 -1.670266716246260330e-03
-1.104000000000000000e+04 -1.150351906289870385e-03
-1.014000000000000000e+04 -2.388230246651801281e-03
-9.240000000000000000e+03 -3.265014778662589379e-03
-8.340000000000000000e+03 -2.888747187171247788e-03
-7.440000000000000000e+03 -8.689703754498623312e-04
-6.540000000000000000e+03 -2.072982236313691828e-03
-5.640000000000000000e+03 -6.249142825254239142e-05
-4.740000000000000000e+03 -1.027376009005820379e-03
-3.840000000000000000e+03 1.969520832972193602e-03
-2.940000000000000000e+03 -3.912836255040019751e-04
-2.040000000000000000e+03 1.591143864061450586e-04
-2.040000000000000000e+03 1.159114385700377170e-03
-1.980000000000000000e+03 2.653447229022276588e-03
-1.920000000000000000e+03 2.590328763290017378e-03
-1.860000000000000000e+03 1.260468528926139697e-03
-1.800000000000000000e+03 1.070155519300897140e-03
-1.740000000000000000e+03 1.382054055284243077e-03
-1.680000000000000000e+03 9.200047479680506513e-04
-1.620000000000000000e+03 5.781784921055077575e-04
-1.560000000000000000e+03 7.494174551538890228e-04
-1.500000000000000000e+03 2.110194473971205298e-03
-1.440000000000000000e+03 1.627475582608894911e-03
-1.380000000000000000e+03 3.081563933847064618e-03
-1.320000000000000000e+03 2.989005164636182599e-03
-1.260000000000000000e+03 2.197122792495065369e-03
-1.200000000000000000e+03 1.492185348070051987e-03
-1.140000000000000000e+03 3.323224246742029209e-03
-1.140000000000000000e+03 3.323224246742029209e-03
-1.080000000000000000e+03 2.341719909964012913e-03
-1.020000000000000000e+03 2.105063935232465155e-03
-9.600000000000000000e+02 3.204726756848685909e-03
-9.000000000000000000e+02 2.619291011797031388e-03
-8.400000000000000000e+02 2.630341501571820118e-03
-7.800000000000000000e+02 2.579477857580059208e-03
-7.200000000000000000e+02 3.033730400602507871e-03
-6.600000000000000000e+02 2.739988206485577393e-03
-6.000000000000000000e+02 3.495665278933302034e-03
-5.400000000000000000e+02 2.284637638695130590e-03
-4.800000000000000000e+02 3.342914781569561455e-03
-4.200000000000000000e+02 2.996825965055904817e-03
-3.600000000000000000e+02 2.596296797491959296e-03
-3.000000000000000000e+02 2.544783746998291463e-03
-2.400000000000000000e+02 2.036668746768555138e-03
-2.400000000000000000e+02 3.036668746972281951e-03
-1.800000000000000000e+02 3.505997038701025303e-03
-1.200000000000000000e+02 2.743268149060895666e-03
-6.000000000000000000e+01 2.663309915988065768e-03
0.000000000000000000e+00 1.989650668292597402e-03
6.000000000000000000e+01 3.219420355890179053e-03
1.200000000000000000e+02 2.859470149815024342e-03
1.800000000000000000e+02 3.022027491169865243e-03
2.400000000000000000e+02 2.103388345858547837e-03
3.000000000000000000e+02 3.022540371603099629e-03
3.600000000000000000e+02 2.593083048850530759e-03
4.200000000000000000e+02 2.606712699162017088e-03
4.800000000000000000e+02 1.356989569103461690e-03
5.400000000000000000e+02 1.799925503291888162e-03
6.000000000000000000e+02 6.673310426776879467e-04
6.600000000000000000e+02 -6.952150437427917495e-03
6.600000000000000000e+02 3.047849562790361233e-03
7.200000000000000000e+02 -1.373784861243620981e-03
7.800000000000000000e+02 8.822675572446314618e-04
8.400000000000000000e+02 2.513507345611287747e-03
9.000000000000000000e+02 9.636182621761690825e-04
9.600000000000000000e+02 1.089051692360953894e-03
1.020000000000000000e+03 1.623802724679990206e-03
1.080000000000000000e+03 -9.434590265300357714e-05
1.140000000000000000e+03 -6.535174061355064623e-04
1.200000000000000000e+03 2.278061743709258735e-03
1.260000000000000000e+03 -5.723268841393291950e-04
1.320000000000000000e+03 7.505060639232397079e-04
1.380000000000000000e+03 5.825225962325930595e-04
1.440000000000000000e+03 7.501429536205250770e-04
1.500000000000000000e+03 -2.221951836872904096e-03
1.560000000000000000e+03 -6.124324339907616377e-03
1.560000000000000000e+03 1.875675659903208725e-03
1.620000000000000000e+03 -4.652442839869763702e-04
1.620000000000000000e+03 -2.146524428371776594e-02
1.620000000000000000e+03 1.253475571593298810e-02
1.620000000000000000e+03 -2.846524428423435893e-02
1.620000000000000000e+03 3.753475571647868492e-02
1.680000000000000000e+03 -2.163505230964801740e-02
1.680000000000000000e+03 1.036494769050477771e-02
1.680000000000000000e+03 -2.863505230925511569e-02
1.680000000000000000e+03 -6.263505230981536442e-02
1.680000000000000000e+03 -5.635052310026367195e-03
1.740000000000000000e+03 1.637702957214060007e-02
1.740000000000000000e+03 2.537702957215515198e-02
1.740000000000000000e+03 3.537702957146393601e-02
1.740000000000000000e+03 1.037702957182773389e-02
1.740000000000000000e+03 -5.622970428703411017e-03
1.800000000000000000e+03 -1.008674097283801530e-02
1.800000000000000000e+03 -2.008674097305629402e-02
1.800000000000000000e+03 -2.408674097296170658e-02
1.800000000000000000e+03 -1.108674097304174211e-02
1.800000000000000000e+03 1.291325902730022790e-02
1.860000000000000000e+03 1.660506670668837614e-02
1.920000000000000000e+03 -1.150867987507808721e-02
1.980000000000000000e+03 -3.675853188724431675e-03
2.040000000000000000e+03 9.653964481913135387e-03
2.100000000000000000e+03 -3.761830917028419208e-03
2.160000000000000000e+03 -5.040873268626455683e-03
2.220000000000000000e+03 4.188158505712635815e-03
2.280000000000000000e+03 -9.366259924718178809e-03
2.340000000000000000e+03 6.180815790685301181e-03
2.400000000000000000e+03 -6.509819340863032266e-04
2.460000000000000000e+03 -1.728777312564488966e-03
2.520000000000000000e+03 -2.906818708652281202e-04
2.580000000000000000e+03 -8.856625814587459899e-03
2.640000000000000000e+03 2.896526551921851933e-03
2.700000000000000000e+03 1.254318059181969147e-03
2.760000000000000000e+03 -5.401991351391188800e-03
2.820000000000000000e+03 2.857834680071391631e-03
2.880000000000000000e+03 1.499227386375423521e-03
2.940000000000000000e+03 -5.291254464282246772e-03
3.000000000000000000e+03 4.845674039643199649e-03
3.060000000000000000e+03 -6.597361954845837317e-03
3.120000000000000000e+03 -5.303490634105401114e-04
3.180000000000000000e+03 -6.479666662016825285e-03
3.240000000000000000e+03 -1.627459810151776765e-03
3.300000000000000000e+03 3.912246273102937266e-03
3.360000000000000000e+03 -1.012820413052395452e-02
3.420000000000000000e+03 -1.221825877109949943e-03
3.480000000000000000e+03 5.710231653210939839e-05
3.540000000000000000e+03 -3.092297713919833768e-03
3.600000000000000000e+03 -2.274157680403732229e-03
3.660000000000000000e+03 -7.666120737667370122e-03
3.720000000000000000e+03 6.239585018192883581e-04
3.780000000000000000e+03 -4.661829001634032466e-03
3.840000000000000000e+03 8.641175363663933240e-04
3.900000000000000000e+03 -9.045534325196058489e-04
3.960000000000000000e+03 -2.312105119017360266e-03
4.020000000000000000e+03 -7.008554102867492475e-04
4.080000000000000000e+03 -1.713525292871054262e-03
4.140000000000000000e+03 -6.015738917994895019e-04
4.200000000000000000e+03 1.891626727228867821e-03
4.260000000000000000e+03 -3.836100949229148682e-03
4.320000000000000000e+03 -8.214610206778161228e-04
4.380000000000000000e+03 5.974514879198977724e-04
4.440000000000000000e+03 -2.213178901911305729e-03
4.500000000000000000e+03 -1.834473090639221482e-03
4.560000000000000000e+03 -3.956684227887308225e-03
4.620000000000000000e+03 3.189456474501639605e-03
4.680000000000000000e+03 -2.561537076871900354e-03
4.740000000000000000e+03 -1.742013634611794259e-03
4.800000000000000000e+03 4.617720505848410539e-04
4.860000000000000000e+03 -2.515184548428806011e-03
4.920000000000000000e+03 -2.344517008168622851e-03
4.980000000000000000e+03 -6.443302399929962121e-04
5.040000000000000000e+03 -7.009998334979172796e-04
5.100000000000000000e+03 -6.012479998389608227e-04
5.160000000000000000e+03 1.032420494084362872e-03
5.220000000000000000e+03 -1.125996313021460082e-03
5.280000000000000000e+03 -3.080419060097483452e-03
5.340000000000000000e+03 -6.124974879639921710e-05
5.400000000000000000e+03 -1.505966287368210033e-03
5.460000000000000000e+03 -3.771014766243752092e-03
5.520000000000000000e+03 -1.842957142798695713e-03
5.580000000000000000e+03 -1.355181756480305921e-03
5.640000000000000000e+03 3.498228406897396781e-04
5.700000000000000000e+03 -2.770941039671015460e-03
5.760000000000000000e+03 1.694209204288199544e-03
5.820000000000000000e+03 -6.350530384224839509e-05
5.880000000000000000e+03 -1.278629169974010438e-03
5.940000000000000000e+03 -4.908329337922623381e-04
6.000000000000000000e+03 6.976906552154105157e-04
6.060000000000000000e+03 -5.628924955090042204e-04
6.120000000000000000e+03 -7.961505843923077919e-04
6.180000000000000000e+03 9.069149837159784511e-04
6.240000000000000000e+03 1.701483597571495920e-06
6.300000000000000000e+03 6.785600462535512634e-04
6.360000000000000000e+03 1.361839687888277695e-03
6.420000000000000000e+03 3.711072058649733663e-04
6.480000000000000000e+03 1.063019167304446455e-03
6.540000000000000000e+03 -3.326763353470596485e-04
6.600000000000000000e+03 1.105496293348551262e-03
6.660000000000000000e+03 -7.428400685967062600e-04
6.720000000000000000e+03 -1.583706643941695802e-04
6.780000000000000000e+03 1.416190651070792228e-03
6.840000000000000000e+03 -6.234556467461516149e-04
6.900000000000000000e+03 -1.077931395229825284e-03
6.960000000000000000e+03 1.473800788517110050e-03
7.020000000000000000e+03 -2.092480490318848751e-04
7.080000000000000000e+03 8.798778708296595141e-04
7.140000000000000000e+03 1.376944774165167473e-03
7.200000000000000000e+03 -2.323822664948238526e-03
7.260000000000000000e+03 -2.574830159574048594e-04
7.320000000000000000e+03 -7.733622132946038619e-04
7.380000000000000000e+03 1.492670743573398795e-03
7.440000000000000000e+03 9.196500768666737713e-04
7.500000000000000000e+03 2.575939844064123463e-03
7.560000000000000000e+03 5.029682994063477963e-03
7.620000000000000000e+03 -7.232316356748924591e-04
7.680000000000000000e+03 1.282569201066507958e-03
7.740000000000000000e+03 2.692171020498790313e-03
7.800000000000000000e+03 9.297406950281583704e-04
7.860000000000000000e+03 3.516763945299317129e-04
7.920000000000000000e+03 4.334345700954145286e-03
7.980000000000000000e+03 5.554451317948405631e-04
8.040000000000000000e+03 1.915032102260738611e-03
8.100000000000000000e+03 2.885502394747163635e-03
8.160000000000000000e+03 2.890391933760838583e-04
8.220000000000000000e+03 2.486103951923723798e-03
8.280000000000000000e+03 1.869465361778566148e-03
8.340000000000000000e+03 1.827184892135846894e-03
8.400000000000000000e+03 4.031128883980272803e-03
8.460000000000000000e+03 2.418320450487954076e-03
8.520000000000000000e+03 2.364427499742305372e-03
8.580000000000000000e+03 2.559261522037559189e-03
8.640000000000000000e+03 2.909689651460212190e-03
8.700000000000000000e+03 4.313950455070880707e-03
8.760000000000000000e+03 4.101582952898752410e-03
8.820000000000000000e+03 2.472261639923090115e-03
8.880000000000000000e+03 1.865140749032434542e-03
8.940000000000000000e+03 4.826723536098143086e-03
9.000000000000000000e+03 2.052909276244463399e-03
9.060000000000000000e+03 3.440976589445199352e-03
9.120000000000000000e+03 8.327856166943092830e-04
9.180000000000000000e+03 3.285238049102190416e-03
9.240000000000000000e+03 6.480893489424488507e-04
9.300000000000000000e+03 5.084041173176956363e-03
9.360000000000000000e+03 1.900648077935329638e-03
9.420000000000000000e+03 3.163693245369358920e-04
9.480000000000000000e+03 4.768699044689128641e-03
9.540000000000000000e+03 1.192605270261992700e-03
9.600000000000000000e+03 2.043166753537661862e-03
9.660000000000000000e+03 2.517566411370353308e-03
9.720000000000000000e+03 2.955191464934614487e-03
9.780000000000000000e+03 2.813029605022165924e-03
9.840000000000000000e+03 1.298457561460963916e-03
9.900000000000000000e+03 2.826144540449604392e-03
9.960000000000000000e+03 2.687855341719114222e-03
1.002000000000000000e+04 1.212680431308399420e-03
1.008000000000000000e+04 7.253465537360170856e-04
1.014000000000000000e+04 2.081432478917122353e-03
1.020000000000000000e+04 2.212025337939849123e-04
1.026000000000000000e+04 7.757179964755778201e-04
1.032000000000000000e+04 3.088996863880311139e-04
1.038000000000000000e+04 3.450909771345322952e-04
1.044000000000000000e+04 -1.078977456927532330e-03
1.050000000000000000e+04 -4.668572328228037804e-04
1.056000000000000000e+04 -1.017447821141104214e-03
1.062000000000000000e+04 2.252507929370040074e-04
1.068000000000000000e+04 -1.349992417090106755e-04
1.074000000000000000e+04 3.387644892427488230e-04
1.080000000000000000e+04 -3.789215643337229267e-04
1.086000000000000000e+04 3.092667311648256145e-04
1.092000000000000000e+04 6.606296492464025505e-04
1.098000000000000000e+04 2.271911043862928636e-04
1.104000000000000000e+04 1.565406311783590354e-03
1.110000000000000000e+04 3.645081987997400574e-04
1.116000000000000000e+04 -5.513006999535718933e-05
1.122000000000000000e+04 3.740083366210456006e-04
1.128000000000000000e+04 2.154485573555575684e-04
1.134000000000000000e+04 8.510144025422050618e-04
1.140000000000000000e+04 7.423396491503808647e-04
1.146000000000000000e+04 -7.780462938171694987e-04
1.152000000000000000e+04 -8.620684320703730918e-04
1.158000000000000000e+04 -1.124389163123851176e-03
1.164000000000000000e+04 4.446869461389724165e-04
1.170000000000000000e+04 -5.705777375624165870e-04
1.176000000000000000e+04 -7.656555153516819701e-04
1.182000000000000000e+04 2.615365901874611154e-04
1.188000000000000000e+04 9.134977872236049734e-04
1.194000000000000000e+04 -1.188320125038444530e-03
1.200000000000000000e+04 -1.266743183805374429e-04
1.206000000000000000e+04 6.271142547120689414e-04
1.212000000000000000e+04 5.831525886605959386e-04
1.218000000000000000e+04 -1.246667759914998896e-03
1.224000000000000000e+04 -1.046483254867780488e-03
1.230000000000000000e+04 7.949327437017927878e-04
1.236000000000000000e+04 -1.506865628471132368e-04
1.242000000000000000e+04 -1.871454759566404391e-03
1.248000000000000000e+04 -9.700107184471562505e-04
1.254000000000000000e+04 -8.208620065488503315e-04
1.260000000000000000e+04 -8.274645379060530104e-04
1.266000000000000000e+04 -4.393114968479494564e-04
1.272000000000000000e+04 4.045904215672635473e-04
1.278000000000000000e+04 -1.117081732445512898e-03
1.284000000000000000e+04 -1.696084929790231399e-03
1.290000000000000000e+04 4.611828380802762695e-04
1.296000000000000000e+04 8.063361765380250290e-04
1.302000000000000000e+04 -6.429128889067214914e-04
1.308000000000000000e+04 -2.011415533161198255e-03
1.314000000000000000e+04 3.379852569196373224e-05
1.320000000000000000e+04 -2.836043149727629498e-04
1.326000000000000000e+04 -1.577251756316400133e-03
1.332000000000000000e+04 -4.268583697921712883e-04
1.338000000000000000e+04 -6.854747289253282361e-04
1.344000000000000000e+04 -1.852770331424835604e-03
1.350000000000000000e+04 -2.243927471681672614e-03
1.356000000000000000e+04 -3.768235756069771014e-03
1.362000000000000000e+04 -1.852865907494560815e-03
1.368000000000000000e+04 -2.924241698565310799e-03
1.374000000000000000e+04 -3.542243875017447863e-03
1.380000000000000000e+04 -1.545990297927346546e-03
1.386000000000000000e+04 -2.476650329299445730e-03
1.392000000000000000e+04 -2.579982136921898928e-03
1.398000000000000000e+04 -2.865307457796006929e-03
1.404000000000000000e+04 -2.724228841543663293e-03
1.410000000000000000e+04 -2.713362634494842496e-03
1.416000000000000000e+04 -2.879290675082302187e-03
1.422000000000000000e+04 -2.587992826192930806e-03
1.428000000000000000e+04 -1.668379708462452982e-03
1.434000000000000000e+04 -4.497045855714532081e-03
1.440000000000000000e+04 -3.534013862918072846e-03
1.446000000000000000e+04 -3.089543468377087265e-03
1.452000000000000000e+04 -3.824517285465844907e-03
1.458000000000000000e+04 -2.718420329074433539e-03
1.464000000000000000e+04 -3.206690099432307761e-03
1.470000000000000000e+04 -3.806033688306342810e-03
1.476000000000000000e+04 -4.193020655293366872e-03
1.482000000000000000e+04 -2.904867678807931952e-03
1.488000000000000000e+04 -3.403189864911837503e-03
1.494000000000000000e+04 -3.668800232844660059e-03
1.500000000000000000e+04 -3.256805495766457170e-03
1.506000000000000000e+04 -1.405013981639058329e-03
1.512000000000000000e+04 -3.738275736395735294e-03
1.518000000000000000e+04 -1.821004667363013141e-03
1.524000000000000000e+04 -1.258566117030568421e-03
1.530000000000000000e+04 -2.464435375259199645e-03
1.536000000000000000e+04 -3.387856006156653166e-03
1.542000000000000000e+04 -2.721404194744536653e-03
1.548000000000000000e+04 -1.770560981640301179e-03
1.554000000000000000e+04 -2.604384728329023346e-03
1.560000000000000000e+04 -1.387768371387210209e-03
1.566000000000000000e+04 -1.504370035945612472e-03
1.572000000000000000e+04 -2.419185682811075822e-03
1.578000000000000000e+04 -2.058354773907922208e-03
1.584000000000000000e+04 -1.013625095765746664e-03
1.590000000000000000e+04 -1.773129214598156977e-03
1.686000000000000000e+04 -1.396627658323268406e-04
1.776000000000000000e+04 8.759513148106634617e-04
1.866000000000000000e+04 -9.593539143679663539e-04
1.956000000000000000e+04 -1.742089352774200961e-05
2.046000000000000000e+04 1.771709105923946481e-03
2.136000000000000000e+04 3.802627272307290696e-03
2.226000000000000000e+04 2.770852121102507226e-03
2.316000000000000000e+04 2.972976543787808623e-03
2.316000000000000000e+04 1.972976544493576512e-03
2.322000000000000000e+04 1.108914720134634990e-03
2.328000000000000000e+04 8.565253392589511350e-04
2.334000000000000000e+04 1.660227599131758325e-03
2.340000000000000000e+04 1.920149768920964561e-03
2.346000000000000000e+04 8.422364498983370140e-04
2.352000000000000000e+04 -2.185141365771414712e-04
2.358000000000000000e+04 1.186292171041714028e-03
2.364000000000000000e+04 1.267294781428063288e-03
2.370000000000000000e+04 3.451458633207948878e-04
2.376000000000000000e+04 -7.350925188802648336e-04
2.382000000000000000e+04 -1.932812901941360906e-03
2.388000000000000000e+04 -6.693822269880911335e-04
2.394000000000000000e+04 -4.126894546061521396e-04
2.400000000000000000e+04 3.032108324987348169e-04
2.406000000000000000e+04 6.779587611163151450e-04
2.406000000000000000e+04 -2.322041239494865295e-03
2.412000000000000000e+04 -1.891054688712756615e-03
2.418000000000000000e+04 1.341124479949939996e-03
2.424000000000000000e+04 -5.280056147967115976e-04
2.430000000000000000e+04 2.114769995387177914e-05
2.436000000000000000e+04 -6.176188553581596352e-04
2.442000000000000000e+04 6.415564694179920480e-04
2.448000000000000000e+04 1.301086799685435835e-03
2.454000000000000000e+04 6.496000669358181767e-04
2.460000000000000000e+04 -7.953002841531997547e-04
2.466000000000000000e+04 6.479186104115797207e-04
2.472000000000000000e+04 4.660954018618213013e-04
2.478000000000000000e+04 1.160575648100348189e-04
2.484000000000000000e+04 6.918613762536551803e-04
2.490000000000000000e+04 6.378343005053466186e-04
2.496000000000000000e+04 1.449891416996251792e-03
2.496000000000000000e+04 4.498914177020196803e-04
2.502000000000000000e+04 5.050321078670094721e-04
2.508000000000000000e+04 1.899074886750895530e-04
2.514000000000000000e+04 1.319389823038363829e-03
2.520000000000000000e+04 2.627767362355371006e-04
2.526000000000000000e+04 1.024714583763852715e-04
2.532000000000000000e+04 1.347442582300573122e-03
2.538000000000000000e+04 4.070292334290570579e-04
2.544000000000000000e+04 7.208455999716534279e-04
2.550000000000000000e+04 -3.007046625498333015e-04
2.556000000000000000e+04 -1.034894667100161314e-04
2.562000000000000000e+04 3.377084676685626619e-04
2.568000000000000000e+04 -6.057010232325410470e-04
2.574000000000000000e+04 7.012852593106799759e-04
2.580000000000000000e+04 2.301088698004605249e-04
2.586000000000000000e+04 1.830269108722859528e-03
2.586000000000000000e+04 -1.697308907750993967e-04
2.592000000000000000e+04 1.047264618136978243e-03
2.598000000000000000e+04 -5.006069277442293242e-04
2.604000000000000000e+04 -2.823323468874150421e-03
2.610000000000000000e+04 -1.503011879322002642e-03
2.616000000000000000e+04 -9.345591306555434130e-04
2.622000000000000000e+04 -2.485893803168437444e-03
2.628000000000000000e+04 -1.681848829321097583e-03
2.634000000000000000e+04 -1.413451024745882023e-03
2.640000000000000000e+04 -2.564791169788804837e-03
2.646000000000000000e+04 -1.608943155588349327e-03
2.652000000000000000e+04 -2.086039941787021235e-03
2.658000000000000000e+04 -1.285257019844721071e-03
2.664000000000000000e+04 -2.251479947517509572e-03
2.670000000000000000e+04 -2.231048931207624264e-03
2.676000000000000000e+04 -7.427736145473318174e-04
2.676000000000000000e+04 -1.742773614751058631e-03
2.682000000000000000e+04 -1.630240140002570115e-03
2.688000000000000000e+04 -5.163949344932916574e-04
2.694000000000000000e+04 5.675507236446719617e-05
2.700000000000000000e+04 -1.754923811859043781e-03
2.706000000000000000e+04 -2.501254019080079161e-03
2.712000000000000000e+04 -1.443979524083260912e-03
2.718000000000000000e+04 -2.574493993051873986e-03
2.724000000000000000e+04 -1.269513037186698057e-03
2.730000000000000000e+04 -9.447033098695101216e-04
2.736000000000000000e+04 -2.190913080085010733e-03
2.742000000000000000e+04 -3.788464357057819143e-03
2.748000000000000000e+04 -3.361948542078607716e-03
2.754000000000000000e+04 -4.112337447622849140e-03
2.760000000000000000e+04 -4.046129110975016374e-03
2.766000000000000000e+04 -4.565991371237032581e-03
2.772000000000000000e+04 -3.261600896621530410e-03
2.778000000000000000e+04 -5.093808713354519568e-03
2.784000000000000000e+04 -5.541050106330658309e-03
2.790000000000000000e+04 -5.972563919385720510e-03
2.796000000000000000e+04 -4.914501416351413354e-03
2.802000000000000000e+04 -4.647701330213749316e-03
2.808000000000000000e+04 -6.024137319400324486e-03
2.814000000000000000e+04 -4.570268280986056197e-03
2.820000000000000000e+04 -5.237580086941306945e-03
2.826000000000000000e+04 -4.538385854175430723e-03
2.832000000000000000e+04 -4.999809495529916603e-03
2.838000000000000000e+04 -5.264312957478978205e-03
2.844000000000000000e+04 -4.864003265538485721e-03
2.850000000000000000e+04 -5.269482458061247598e-03
2.856000000000000000e+04 -4.457199231183039956e-03
2.862000000000000000e+04 -6.033179265614307951e-03
2.868000000000000000e+04 -5.184345162888348568e-03
2.874000000000000000e+04 -6.525073069497011602e-03
2.880000000000000000e+04 -6.614786488171375822e-03
2.886000000000000000e+04 -6.093646309636824299e-03
2.892000000000000000e+04 -5.404797063420119230e-03
2.898000000000000000e+04 -6.486769124421698507e-03
2.904000000000000000e+04 -6.898311718941840809e-03
2.904000000000000000e+04 -8.898311719349294435e-03
2.910000000000000000e+04 6.787459642055182485e-02
2.910000000000000000e+04 -4.125403579564590473e-03
2.910000000000000000e+04 9.287459642109752167e-02
2.910000000000000000e+04 9.287459642109752167e-02
2.910000000000000000e+04 9.087459642069006804e-02
2.916000000000000000e+04 6.780284752858278807e-02
2.916000000000000000e+04 9.580284752883017063e-02
2.916000000000000000e+04 9.280284752912848489e-02
2.916000000000000000e+04 9.280284752912848489e-02
2.916000000000000000e+04 -9.197152470733271912e-03
2.922000000000000000e+04 -8.187568016182922293e-03
2.922000000000000000e+04 -7.187568015979195479e-03
2.922000000000000000e+04 -7.187568015979195479e-03
2.922000000000000000e+04 -9.187568016386649106e-03
2.922000000000000000e+04 -1.018756801659037592e-02
2.928000000000000000e+04 -7.564930310763884336e-03
2.928000000000000000e+04 -4.564930310152703896e-03
2.928000000000000000e+04 -6.564930310560157523e-03
2.928000000000000000e+04 -8.564930310967611149e-03
2.934000000000000000e+04 -7.763819631691148970e-03
2.940000000000000000e+04 -5.728387802264478523e-03
2.946000000000000000e+04 -4.060705168740241788e-03
2.952000000000000000e+04 -6.215982875801273622e-03
2.958000000000000000e+04 -8.165381120306847151e-03
2.964000000000000000e+04 -6.458644872509466950e-03
2.970000000000000000e+04 -7.945379556076659355e-03
2.976000000000000000e+04 -5.870265494195336942e-03
2.982000000000000000e+04 -6.764756164557184093e-03
2.988000000000000000e+04 -5.216544311224424746e-03
2.994000000000000000e+04 -7.089311470735992771e-03
3.000000000000000000e+04 -7.990662896190769970e-03
3.006000000000000000e+04 -7.835497875930741429e-03
3.012000000000000000e+04 -1.027449044431705261e-02
3.018000000000000000e+04 -8.117150363432301674e-03
3.024000000000000000e+04 -6.951273066079011187e-03
3.030000000000000000e+04 -9.405723748386662919e-03
3.036000000000000000e+04 -8.189346194740210194e-03
3.042000000000000000e+04 -9.052215719748346601e-03
3.048000000000000000e+04 -1.008451378675090382e-02
3.054000000000000000e+04 -9.280860624130582437e-03
3.060000000000000000e+04 -1.109385474865121068e-02
3.066000000000000000e+04 -1.087729783648683224e-02
3.072000000000000000e+04 -1.027094675919215661e-02
3.078000000000000000e+04 -1.309896408929489553e-02
3.084000000000000000e+04 -1.287951688118482707e-02
3.090000000000000000e+04 -1.290134278406185331e-02
3.096000000000000000e+04 -1.308129093922616448e-02
3.102000000000000000e+04 -1.584696840109245386e-02
3.108000000000000000e+04 -1.786353420266095782e-02
3.114000000000000000e+04 -1.804700806314940564e-02
3.120000000000000000e+04 -1.883456856648990652e-02
3.126000000000000000e+04 -2.065832545304147061e-02
3.132000000000000000e+04 -2.201264706127403770e-02
3.138000000000000000e+04 -2.217519768510101130e-02
3.144000000000000000e+04 -2.198711563414690318e-02
3.150000000000000000e+04 -2.201856102874444332e-02
3.156000000000000000e+04 -1.920499535208364250e-02
3.162000000000000000e+04 -1.301406559286988340e-02
3.168000000000000000e+04 -2.043801238869491499e-03
3.174000000000000000e+04 1.512868817007984035e-02
3.180000000000000000e+04 3.691758948298229370e-02
3.186000000000000000e+04 6.688296662741777254e-02
3.192000000000000000e+04 1.030460772799415281e-01
3.198000000000000000e+04 1.468017927254550159e-01
3.204000000000000000e+04 1.879338695180194918e-01
3.210000000000000000e+04 2.258686181003213278e-01
3.216000000000000000e+04 2.540226918563348590e-01
3.222000000000000000e+04 2.677727185900948825e-01
3.228000000000000000e+04 2.606598894517446752e-01
3.234000000000000000e+04 2.327504857512394665e-01
3.240000000000000000e+04 1.884691438526715501e-01
3.246000000000000000e+04 1.303769301421198179e-01
3.252000000000000000e+04 6.842097348271636292e-02
3.258000000000000000e+04 6.498793834907701239e-03
3.264000000000000000e+04 -4.580776870989211602e-02
3.270000000000000000e+04 -8.299329208966810256e-02
3.276000000000000000e+04 -1.009748415408466826e-01
3.282000000000000000e+04 -9.632644543489732314e-02
3.288000000000000000e+04 -7.155231004890083568e-02
3.294000000000000000e+04 -3.455209816820570268e-02
3.300000000000000000e+04 4.439472147168999072e-03
3.306000000000000000e+04 2.845764860467170365e-02
3.312000000000000000e+04 2.036885699908452807e-02
3.318000000000000000e+04 -1.468240075064386474e-02
3.324000000000000000e+04 -6.536704458267195150e-02
3.330000000000000000e+04 -1.084384152472921414e-01
3.336000000000000000e+04 -1.225744371377004427e-01
3.342000000000000000e+04 -1.057000962991878623e-01
3.348000000000000000e+04 -7.143302779968507821e-02
3.354000000000000000e+04 -4.058170825373963453e-02
3.360000000000000000e+04 -3.777515786532603670e-02
3.366000000000000000e+04 -5.459215040173148736e-02
3.372000000000000000e+04 -6.579154242808726849e-02
3.378000000000000000e+04 -5.304413774138083681e-02
3.384000000000000000e+04 -1.353548602583032334e-02
3.390000000000000000e+04 2.981570000702049583e-02
3.396000000000000000e+04 4.949593853416445199e-02
3.402000000000000000e+04 3.218081763225200120e-02
3.408000000000000000e+04 -1.752544927512644790e-03
3.414000000000000000e+04 -2.814299595138436416e-02
3.420000000000000000e+04 -2.450496702567761531e-02
3.426000000000000000e+04 4.859047500758606475e-03
3.432000000000000000e+04 3.505390842747146962e-02
3.438000000000000000e+04 3.458809833136911038e-02
3.444000000000000000e+04 9.037640165843185969e-04
3.450000000000000000e+04 -4.296408994196099229e-02
3.456000000000000000e+04 -5.849169185603386723e-02
3.462000000000000000e+04 -3.128535289124556584e-02
3.468000000000000000e+04 1.617256391455157427e-02
3.474000000000000000e+04 4.080813665586902061e-02
3.480000000000000000e+04 1.916890346274158219e-02
3.486000000000000000e+04 -2.372720612675038865e-02
3.492000000000000000e+04 -3.775554007552273106e-02
3.498000000000000000e+04 -1.151063961788167944e-02
3.504000000000000000e+04 1.757362283115071477e-02
3.510000000000000000e+04 9.800459260077332146e-03
3.516000000000000000e+04 -2.638032021968683694e-02
3.522000000000000000e+04 -5.444341970905952621e-02
3.528000000000000000e+04 -5.529246659170894418e-02
3.534000000000000000e+04 -4.755754905818321276e-02
3.540000000000000000e+04 -4.744786050378024811e-02
3.546000000000000000e+04 -3.865887412393931299e-02
3.552000000000000000e+04 -1.560463906935183331e-02
3.558000000000000000e+04 -9.991343622459680773e-04
3.564000000000000000e+04 -1.922061913774086861e-02
3.570000000000000000e+04 -4.531546906036965083e-02
3.576000000000000000e+04 -3.877178897801059065e-02
3.582000000000000000e+04 -1.615410012527718209e-02
3.588000000000000000e+04 -3.227905932453722926e-02
3.594000000000000000e+04 -7.552380191191332415e-02
3.600000000000000000e+04 -7.734397448075469583e-02
3.606000000000000000e+04 -3.360949187481310219e-02
3.612000000000000000e+04 -2.090399972257728223e-02
3.618000000000000000e+04 -6.659757918896502815e-02
3.624000000000000000e+04 -9.922267750789615093e-02
3.630000000000000000e+04 -6.659198091165308142e-02
3.636000000000000000e+04 -3.204464946702501038e-02
3.642000000000000000e+04 -5.546945250625867629e-02
3.648000000000000000e+04 -8.898516370481956983e-02
3.654000000000000000e+04 -7.252146864448150154e-02
3.660000000000000000e+04 -4.871231036668177694e-02
3.666000000000000000e+04 -6.332894692422996741e-02
3.672000000000000000e+04 -6.798591755341476528e-02
3.678000000000000000e+04 -2.605528850926930318e-02
3.684000000000000000e+04 -6.029291743288922589e-03
3.690000000000000000e+04 -4.379635877012333367e-02
3.696000000000000000e+04 -6.261785309834522195e-02
3.702000000000000000e+04 -1.607924998097587377e-02
3.708000000000000000e+04 7.075053813423437532e-03
3.714000000000000000e+04 -2.186543482093838975e-02
3.720000000000000000e+04 -1.943981438580522081e-02
3.726000000000000000e+04 2.654437168348522391e-02
3.732000000000000000e+04 3.349429432091710623e-02
3.738000000000000000e+04 -4.791318166098790243e-03
3.744000000000000000e+04 -1.131714291022944963e-02
3.750000000000000000e+04 3.489931075819185935e-03
3.756000000000000000e+04 -2.169794648034439888e-02
3.762000000000000000e+04 -3.455775836755492492e-02
3.768000000000000000e+04 1.515848490635107737e-02
3.774000000000000000e+04 3.781975908441381762e-02
3.780000000000000000e+04 -6.792511120693234261e-03
3.786000000000000000e+04 -1.857567293882311787e-02
3.792000000000000000e+04 2.094716480223723920e-02
3.798000000000000000e+04 2.119874827258172445e-02
3.804000000000000000e+04 -1.471000908441055799e-02
3.810000000000000000e+04 -6.300601344264578074e-03
3.816000000000000000e+04 1.068627440781710902e-02
3.822000000000000000e+04 -2.220840648988087196e-02
3.828000000000000000e+04 -4.031221755030856002e-02
3.834000000000000000e+04 -1.008653393273561960e-02
3.840000000000000000e+04 4.871764006566081662e-03
3.846000000000000000e+04 2.655900512763764709e-03
3.852000000000000000e+04 2.373852398704912048e-02
3.858000000000000000e+04 2.857473534368182300e-02
3.864000000000000000e+04 5.366082568798447028e-04
3.870000000000000000e+04 -4.853309571444697212e-03
3.876000000000000000e+04 -9.554983389534754679e-04
3.882000000000000000e+04 -2.631472959819802782e-02
3.888000000000000000e+04 -2.786107011161220726e-02
3.894000000000000000e+04 1.887650399930862477e-02
3.900000000000000000e+04 3.839438460272504017e-02
3.906000000000000000e+04 1.505697125412552850e-02
3.912000000000000000e+04 3.329069785650062840e-03
3.918000000000000000e+04 -6.318078547337790951e-03
3.924000000000000000e+04 -2.478892709405045025e-02
3.930000000000000000e+04 -2.666527416022290708e-02
3.936000000000000000e+04 -2.247238479685620405e-02
3.942000000000000000e+04 -3.006770725642127218e-02
3.948000000000000000e+04 -2.575037483347841771e-02
3.954000000000000000e+04 -8.831601270685496274e-03
3.960000000000000000e+04 -7.812860057129000779e-03
3.966000000000000000e+04 -6.604369933484122157e-03
3.972000000000000000e+04 -3.845163128062267788e-03
3.978000000000000000e+04 -9.961574241970083676e-03
3.984000000000000000e+04 4.720459693999146111e-03
3.990000000000000000e+04 2.771804412986966781e-02
3.996000000000000000e+04 1.606789446304901503e-02
4.002000000000000000e+04 -1.348465957562439144e-06
4.008000000000000000e+04 8.781920735600579064e-03
4.014000000000000000e+04 1.925370629669487244e-02
4.020000000000000000e+04 2.076339868563081836e-02
4.026000000000000000e+04 9.477127547143027186e-03
4.032000000000000000e+04 -8.850502251334546600e-03
4.038000000000000000e+04 2.127974269569676835e-03
4.044000000000000000e+04 1.568526358641975094e-02
4.050000000000000000e+04 -9.844098359280906152e-03
4.056000000000000000e+04 -1.600208699437644100e-02
4.062000000000000000e+04 2.140443975349626271e-02
4.068000000000000000e+04 3.376368487715808442e-02
4.074000000000000000e+04 1.782951156383205671e-02
4.080000000000000000e+04 1.367717596713191597e-02
4.086000000000000000e+04 -5.099389558381517418e-03
4.092000000000000000e+04 -1.897550650392076932e-02
4.098000000000000000e+04 -1.466041267121909186e-03
4.104000000000000000e+04 2.550581838477228303e-03
4.110000000000000000e+04 -4.467931166800553910e-03
4.116000000000000000e+04 3.214584387933427934e-03
4.122000000000000000e+04 1.742202446621377021e-03
4.128000000000000000e+04 -4.023775882160407491e-04
4.134000000000000000e+04 -4.897009411251929123e-03
4.140000000000000000e+04 -2.852189795885351487e-02
4.146000000000000000e+04 -2.784870973027864238e-02
4.152000000000000000e+04 4.779285787662956864e-03
4.158000000000000000e+04 1.810160947570693679e-03
4.164000000000000000e+04 -2.007947198126203148e-02
4.170000000000000000e+04 -1.959293276649987092e-02
4.176000000000000000e+04 -1.639513599457131932e-02
4.182000000000000000e+04 -7.434024043504905421e-03
4.188000000000000000e+04 9.009381792566273361e-04
4.194000000000000000e+04 -1.107345390391856199e-02
4.200000000000000000e+04 -1.487869462926028064e-02
4.206000000000000000e+04 -1.306911749816208612e-02
4.212000000000000000e+04 -3.520367657256429084e-02
4.218000000000000000e+04 -4.415434556176478509e-02
4.224000000000000000e+04 -3.151957160662277602e-02
4.230000000000000000e+04 -3.858396955092757707e-02
4.236000000000000000e+04 -4.391711709013179643e-02
4.242000000000000000e+04 -4.306620741226652171e-02
4.248000000000000000e+04 -4.664401075297064381e-02
4.254000000000000000e+04 -4.013617664259072626e-02
4.260000000000000000e+04 -3.543413394072558731e-02
4.266000000000000000e+04 -4.217369609796151053e-02
4.272000000000000000e+04 -4.281639356395317009e-02
4.278000000000000000e+04 -3.629069063663337147e-02
4.284000000000000000e+04 -3.280194388480595080e-02
4.290000000000000000e+04 -3.475318374876223970e-02
4.296000000000000000e+04 -3.661784963969694218e-02
4.302000000000000000e+04 -1.828402654518868076e-02
4.308000000000000000e+04 6.212997477632598020e-04
4.314000000000000000e+04 -3.401989179110387340e-03
4.320000000000000000e+04 -1.222262752344249748e-02
4.326000000000000000e+04 -1.745398725051927613e-02
4.332000000000000000e+04 -1.295451877558662090e-02
4.338000000000000000e+04 -1.598771076169214211e-02
4.344000000000000000e+04 -2.099019836350635160e-02
4.350000000000000000e+04 -1.169918492541910382e-02
4.356000000000000000e+04 -7.810820218765002210e-03
4.362000000000000000e+04 -1.992355443690030370e-03
4.368000000000000000e+04 -2.691286490517086349e-04
4.374000000000000000e+04 -1.814900219505943824e-02
4.380000000000000000e+04 -3.465666157353552990e-03
4.386000000000000000e+04 1.810222609492484480e-02
4.392000000000000000e+04 2.090928806865122169e-03
4.398000000000000000e+04 -7.390951202069118153e-03
4.404000000000000000e+04 -1.295910066710348474e-02
4.410000000000000000e+04 -1.674822570112155518e-02
4.416000000000000000e+04 2.240293428258155473e-03
4.422000000000000000e+04 -5.031883074479992501e-04
4.428000000000000000e+04 -7.248534214340907056e-03
4.434000000000000000e+04 5.364548632314836141e-03
4.440000000000000000e+04 1.154549479451816296e-02
4.446000000000000000e+04 1.264840445674053626e-02
4.452000000000000000e+04 7.510697924772102851e-03
4.458000000000000000e+04 1.514678173589345533e-02
4.464000000000000000e+04 3.511350632015819428e-02
4.470000000000000000e+04 2.278355085854855133e-02
4.476000000000000000e+04 1.257832234841771424e-03
4.482000000000000000e+04 3.097456899013195653e-03
4.488000000000000000e+04 7.636325408384436741e-03
4.494000000000000000e+04 8.993871016173216049e-03
4.500000000000000000e+04 2.330339898344391258e-02
4.506000000000000000e+04 2.689717778685007943e-02
4.512000000000000000e+04 7.254972767441358883e-03
4.518000000000000000e+04 5.419294578132394236e-03
4.524000000000000000e+04 7.896792234532767907e-03
4.530000000000000000e+04 1.010753109585493803e-02
4.536000000000000000e+04 8.475766854644462001e-03
4.542000000000000000e+04 -3.549207949617994018e-03
4.548000000000000000e+04 -1.470745832193642855e-03
4.554000000000000000e+04 -1.240610933564312290e-03
4.560000000000000000e+04 2.587085946288425475e-03
4.566000000000000000e+04 3.755257855118543375e-03
4.572000000000000000e+04 -1.837190310834557749e-02
4.578000000000000000e+04 -1.431596950806124369e-02
4.584000000000000000e+04 -9.653988066020247061e-03
4.590000000000000000e+04 -2.091474160351936007e-02
4.596000000000000000e+04 -1.597363481323554879e-02
4.602000000000000000e+04 -1.447037973230180796e-02
4.608000000000000000e+04 -1.684482028940692544e-02
4.614000000000000000e+04 -2.304208973146160133e-02
4.620000000000000000e+04 -2.632107930094207404e-02
4.626000000000000000e+04 -1.297181869995256420e-02
4.632000000000000000e+04 -5.526601818019116763e-03
4.638000000000000000e+04 -1.092163939301826758e-02
4.644000000000000000e+04 -3.712014233315130696e-03
4.650000000000000000e+04 -2.388422447438642848e-03
4.656000000000000000e+04 -1.288429447504313430e-02
4.662000000000000000e+04 6.580405663953570183e-03
4.668000000000000000e+04 1.802591811883758055e-02
4.674000000000000000e+04 9.349582461254613008e-03
4.680000000000000000e+04 7.712564777648367453e-03
4.686000000000000000e+04 -8.632310933535336517e-03
4.692000000000000000e+04 -5.332590773832635023e-03
4.698000000000000000e+04 2.836168125213589519e-03
4.704000000000000000e+04 1.298964787110890029e-02
4.710000000000000000e+04 1.152760165859945118e-02
4.716000000000000000e+04 -1.238780071616929490e-02
4.722000000000000000e+04 -1.135598092605505371e-02
4.728000000000000000e+04 -1.095346974216226954e-02
4.734000000000000000e+04 -2.016494649978994858e-03
4.740000000000000000e+04 3.955182402933132835e-03
4.746000000000000000e+04 -5.392123768615419976e-03
4.752000000000000000e+04 -1.091768791684444295e-02
4.758000000000000000e+04 -2.011642507841315819e-02
4.764000000000000000e+04 -3.032045570944319479e-02
4.770000000000000000e+04 -4.118375534108054126e-02
4.776000000000000000e+04 -3.950630777853803011e-02
4.782000000000000000e+04 -4.183917578302498441e-02
4.788000000000000000e+04 -3.945853972527402220e-02
4.794000000000000000e+04 -2.720116247746773297e-02
4.800000000000000000e+04 -2.964945501753391000e-02
4.806000000000000000e+04 -1.836054922387120314e-02
4.812000000000000000e+04 -1.824016280625073705e-02
4.818000000000000000e+04 -1.779846554200048558e-02
4.824000000000000000e+04 -1.962198911678569857e-02
4.830000000000000000e+04 -2.121398004328511888e-02
4.836000000000000000e+04 -6.589959887605800759e-03
4.842000000000000000e+04 2.732772012677742168e-03
4.848000000000000000e+04 6.780504274502163753e-03
4.854000000000000000e+04 -6.340489915601210669e-03
4.860000000000000000e+04 -8.113972851788275875e-03
4.866000000000000000e+04 -1.714715643720410299e-02
4.872000000000000000e+04 -1.300612287923286203e-02
4.878000000000000000e+04 6.740760656612110324e-03
4.884000000000000000e+04 3.617430617850914132e-03
4.890000000000000000e+04 1.768376503514446085e-02
4.896000000000000000e+04 1.634185497550788568e-02
4.902000000000000000e+04 2.435310888813546626e-02
4.908000000000000000e+04 3.307596957256464520e-02
4.914000000000000000e+04 2.303768993533594767e-02
4.920000000000000000e+04 2.157397821611084510e-02
4.926000000000000000e+04 4.261053091795474757e-03
4.932000000000000000e+04 2.010195350521826185e-02
4.938000000000000000e+04 9.550516081617388409e-03
4.944000000000000000e+04 6.165159357806260232e-03
4.950000000000000000e+04 9.911262653076846618e-03
4.956000000000000000e+04 -1.329282059487013612e-03
4.962000000000000000e+04 1.579799111277679913e-02
4.968000000000000000e+04 -2.499377267668023705e-03
4.974000000000000000e+04 -5.821393901896954048e-03
4.980000000000000000e+04 -6.566204842783918139e-03
4.986000000000000000e+04 6.848778486528317444e-03
4.992000000000000000e+04 1.145614356664736988e-02
4.998000000000000000e+04 6.025751747074536979e-03
5.004000000000000000e+04 1.699013234883750556e-02
5.010000000000000000e+04 1.117840533788694302e-02
5.016000000000000000e+04 1.266028115333028836e-02
5.022000000000000000e+04 8.551636306947330013e-03
5.028000000000000000e+04 7.028318754237261601e-03
5.034000000000000000e+04 1.047416340225026943e-02
5.040000000000000000e+04 1.511909908913366962e-03
5.046000000000000000e+04 -1.342180341453058645e-03
5.052000000000000000e+04 3.090490474278340116e-03
5.058000000000000000e+04 -2.590006300124514382e-03
5.064000000000000000e+04 7.168594151153229177e-03
5.070000000000000000e+04 2.514373702069860883e-03
5.076000000000000000e+04 3.788470004110422451e-03
5.082000000000000000e+04 -5.514514038623019587e-03
5.088000000000000000e+04 -1.124698289640946314e-02
5.094000000000000000e+04 -4.009183458038023673e-03
5.100000000000000000e+04 -1.596149367833277211e-02
5.106000000000000000e+04 -3.015126427817449439e-02
5.112000000000000000e+04 -4.093589308104128577e-02
5.118000000000000000e+04 -2.976794586902542505e-02
5.124000000000000000e+04 -4.018956131130835274e-02
5.130000000000000000e+04 -2.203589308010123204e-02
5.136000000000000000e+04 -2.387762719081365503e-02
5.142000000000000000e+04 -3.197046563491312554e-02
5.148000000000000000e+04 -2.925809135285817320e-02
5.154000000000000000e+04 -2.715123314010270406e-02
5.160000000000000000e+04 -2.428675609280617209e-02
5.166000000000000000e+04 -2.157968354549666401e-02
5.172000000000000000e+04 -2.050744569714879617e-02
5.178000000000000000e+04 -1.681305599504412385e-02
5.184000000000000000e+04 -1.199505568911263254e-02
5.190000000000000000e+04 -2.435422426606237423e-02
5.196000000000000000e+04 -1.333131245792174013e-02
5.202000000000000000e+04 -1.954157583531923592e-02
5.208000000000000000e+04 -8.916648970625828952e-03
5.214000000000000000e+04 -1.690060931377956877e-02
5.220000000000000000e+04 1.829496996833768208e-03
5.226000000000000000e+04 2.805783843541576061e-03
5.232000000000000000e+04 6.398914027158753015e-03
5.238000000000000000e+04 -3.629164757512626238e-03
5.244000000000000000e+04 -1.491737494689004961e-02
5.250000000000000000e+04 -8.328116702614352107e-03
5.256000000000000000e+04 -6.398932046067784540e-03
5.262000000000000000e+04 -4.686546078119135927e-03
5.268000000000000000e+04 1.226472464531980222e-02
5.274000000000000000e+04 3.681050581781164510e-02
5.280000000000000000e+04 2.851117774935119087e-02
5.286000000000000000e+04 2.441404605542629724e-02
5.292000000000000000e+04 -5.061935249614180066e-03
5.298000000000000000e+04 -3.368852067069383338e-03
5.304000000000000000e+04 1.564406135003082454e-03
5.310000000000000000e+04 9.453155756091291551e-03
5.316000000000000000e+04 1.398437045281752944e-02
5.322000000000000000e+04 1.166796148390858434e-02
5.328000000000000000e+04 1.557481233157886891e-02
5.334000000000000000e+04 1.409233494632644579e-02
5.340000000000000000e+04 2.078641206844622502e-02
5.346000000000000000e+04 2.032130157385836355e-02
5.352000000000000000e+04 1.424718215002940269e-02
5.358000000000000000e+04 1.856249221236794256e-02
5.364000000000000000e+04 2.343076808665500721e-02
5.370000000000000000e+04 2.835120314284722554e-02
5.376000000000000000e+04 2.191356077310047112e-02
5.382000000000000000e+04 1.762212053199618822e-02
5.388000000000000000e+04 1.350180404187995009e-02
5.394000000000000000e+04 2.347367604306782596e-02
5.400000000000000000e+04 3.276159544566326076e-02
5.406000000000000000e+04 2.870970937965466874e-02
5.412000000000000000e+04 3.261498311348987045e-02
5.418000000000000000e+04 1.600221382614108734e-02
5.424000000000000000e+04 2.095410585570789408e-02
5.430000000000000000e+04 1.393248895874421578e-02
5.436000000000000000e+04 2.066050558732968057e-02
5.442000000000000000e+04 1.325931076644337736e-02
5.448000000000000000e+04 2.123428781851544045e-02
5.454000000000000000e+04 2.919739024036971387e-02
5.460000000000000000e+04 2.660612889940239256e-02
5.466000000000000000e+04 1.863295011844456894e-02
5.472000000000000000e+04 2.654791293934977148e-03
5.478000000000000000e+04 1.645712212211947190e-02
5.484000000000000000e+04 9.106737458751013037e-03
5.490000000000000000e+04 3.185455211678345222e-03
5.496000000000000000e+04 -2.015094974012754392e-03
5.502000000000000000e+04 -1.029129113067028811e-02
5.508000000000000000e+04 7.776412548992084339e-04
5.514000000000000000e+04 5.874517894881137181e-03
5.520000000000000000e+04 5.418180686319828965e-03
5.526000000000000000e+04 9.138628284745209385e-03
5.532000000000000000e+04 1.229165241329610581e-02
5.538000000000000000e+04 1.023622637057997053e-02
5.544000000000000000e+04 -7.014440943748923019e-03
5.550000000000000000e+04 1.179149227937159594e-03
5.556000000000000000e+04 6.172114837681874633e-03
5.562000000000000000e+04 1.037947286567941774e-02
5.568000000000000000e+04 5.246482231996196788e-03
5.574000000000000000e+04 -1.173438036948937224e-02
5.580000000000000000e+04 -9.482641821705328766e-03
5.586000000000000000e+04 -5.899533534829970449e-04
5.592000000000000000e+04 -2.237487987258646172e-03
5.598000000000000000e+04 -1.414832528007536894e-02
5.604000000000000000e+04 -1.183581848454196006e-02
5.610000000000000000e+04 3.151221741063636728e-03
5.616000000000000000e+04 8.289953290841367561e-03
5.622000000000000000e+04 2.470350329986104043e-02
5.628000000000000000e+04 1.874187434805207886e-02
5.634000000000000000e+04 1.595956085566285765e-02
5.640000000000000000e+04 1.242609738346800441e-02
5.646000000000000000e+04 1.391466193126689177e-02
5.652000000000000000e+04 1.102380758675280958e-02
5.658000000000000000e+04 1.031622345726646017e-02
5.664000000000000000e+04 9.866695723758311942e-03
5.670000000000000000e+04 1.606431097661698004e-02
5.676000000000000000e+04 2.043833408788486850e-02
5.682000000000000000e+04 1.906268598213500809e-02
5.688000000000000000e+04 5.368778937736351509e-03
5.694000000000000000e+04 5.417006256720924284e-03
5.700000000000000000e+04 -2.877232896025816444e-03
5.706000000000000000e+04 -7.182983656093711033e-03
5.712000000000000000e+04 2.957457667434937321e-03
5.718000000000000000e+04 5.749463453867065255e-03
5.724000000000000000e+04 1.526892874608165585e-03
5.730000000000000000e+04 -7.596634568471927196e-03
5.736000000000000000e+04 -1.438410339505935553e-02
5.742000000000000000e+04 -1.751698389398370637e-02
5.748000000000000000e+04 -1.859925141434359830e-02
5.754000000000000000e+04 -1.525198843137332005e-02
5.760000000000000000e+04 -2.292207966092973948e-03
5.766000000000000000e+04 5.706310004825354554e-03
5.772000000000000000e+04 1.751239778423041571e-02
5.778000000000000000e+04 7.201510222330398392e-03
5.784000000000000000e+04 8.288493399049912114e-03
5.790000000000000000e+04 7.366912120232882444e-03
5.796000000000000000e+04 -2.062242976535344496e-03
5.802000000000000000e+04 -1.291996258350991411e-02
5.808000000000000000e+04 -1.705048949588672258e-03
5.814000000000000000e+04 3.349857385728682857e-03
5.820000000000000000e+04 2.194686163420556113e-03
5.826000000000000000e+04 -1.046300514553877292e-02
5.832000000000000000e+04 -1.237294267684774240e-02
5.838000000000000000e+04 -1.135765845720015932e-02
5.844000000000000000e+04 -1.496228401992993895e-02
5.850000000000000000e+04 -8.719214660231955349e-03
5.856000000000000000e+04 -4.277969721442786977e-03
5.862000000000000000e+04 6.491946729511255398e-03
5.868000000000000000e+04 5.043512489464774262e-03
5.874000000000000000e+04 4.417874250066233799e-03
5.880000000000000000e+04 1.264415245896088891e-02
5.886000000000000000e+04 9.313472704889136367e-03
5.892000000000000000e+04 -2.538798698878963478e-04
5.898000000000000000e+04 4.479339735553367063e-03
5.904000000000000000e+04 1.086236755054414971e-02
5.910000000000000000e+04 1.645819165241846349e-02
5.916000000000000000e+04 9.293795466874144040e-03
5.922000000000000000e+04 6.769522771719493903e-03
5.928000000000000000e+04 1.768105492919858079e-02
5.934000000000000000e+04 1.639827553208306199e-02
5.940000000000000000e+04 7.372770108304393943e-03
5.946000000000000000e+04 3.024636913323774934e-03
5.952000000000000000e+04 1.186763763962517260e-02
5.958000000000000000e+04 5.992986683850176632e-03
5.964000000000000000e+04 2.714846370508894324e-03
5.970000000000000000e+04 -3.300109443443943746e-03
5.976000000000000000e+04 -5.559041255764896050e-05
5.982000000000000000e+04 -8.828701040329178795e-03
5.988000000000000000e+04 -7.896962302766041830e-03
5.994000000000000000e+04 -1.764338525390485302e-03
6.000000000000000000e+04 5.657708678882045206e-03
6.006000000000000000e+04 -1.294717704695358407e-03
6.012000000000000000e+04 -2.090076426611631177e-03
6.018000000000000000e+04 -4.563747706015419681e-03
6.024000000000000000e+04 5.974387255264446139e-03
6.030000000000000000e+04 5.649278666169266216e-03
6.036000000000000000e+04 -1.737083544867346063e-03
6.042000000000000000e+04 -9.046862402101396583e-03
6.048000000000000000e+04 -9.930136078764917329e-03
6.054000000000000000e+04 -7.123666278857854195e-03
6.060000000000000000e+04 -2.335454797503189184e-03
6.066000000000000000e+04 1.452893549776490545e-02
6.072000000000000000e+04 6.851860562164802104e-03
6.078000000000000000e+04 -8.237035904130607378e-03
6.084000000000000000e+04 -1.022240803013119148e-02
6.090000000000000000e+04 -2.805931877446710132e-03
6.096000000000000000e+04 -7.687826750043313950e-03
6.102000000000000000e+04 -9.592495948709256481e-03
6.108000000000000000e+04 -6.605965732887852937e-03
6.114000000000000000e+04 8.209192626054573338e-03
6.120000000000000000e+04 1.744988090013066540e-02
6.126000000000000000e+04 1.776842082563234726e-02
6.132000000000000000e+04 1.355667515963432379e-02
6.138000000000000000e+04 2.972823097479704302e-03
6.144000000000000000e+04 -2.607711696327896789e-03
6.150000000000000000e+04 -6.318918271063012071e-03
6.156000000000000000e+04 -3.170598904034704901e-03
6.162000000000000000e+04 -1.593847209733212367e-03
6.168000000000000000e+04 -1.203768759296508506e-03
6.174000000000000000e+04 -6.877162937598768622e-03
6.180000000000000000e+04 -1.315038997563533485e-02
6.186000000000000000e+04 -5.559375598750193603e-03
6.192000000000000000e+04 5.220984628977021202e-03
6.198000000000000000e+04 4.366530568404414225e-03
6.204000000000000000e+04 -6.851688040114822797e-04
6.210000000000000000e+04 -1.927807467836828437e-03
6.216000000000000000e+04 4.729706527541566174e-03
6.222000000000000000e+04 9.784782218957843725e-03
6.228000000000000000e+04 -1.310125807322037872e-03
6.234000000000000000e+04 -3.149503298118361272e-03
6.240000000000000000e+04 6.545639798787306063e-04
6.246000000000000000e+04 -1.243597640495863743e-03
6.252000000000000000e+04 -4.957856978762720246e-03
6.258000000000000000e+04 -1.999072184662509244e-02
6.264000000000000000e+04 -1.453550669066316914e-02
6.270000000000000000e+04 -4.303383768274215981e-03
6.276000000000000000e+04 2.175522103243565653e-03
6.276000000000000000e+04 2.175522103243565653e-03
6.282000000000000000e+04 -3.606131861488393042e-03
6.282000000000000000e+04 -3.606131861488393042e-03
6.288000000000000000e+04 -9.214285523739818018e-03
6.288000000000000000e+04 -9.214285523739818018e-03
6.294000000000000000e+04 -3.562608032552816439e-03
6.294000000000000000e+04 -3.562608032552816439e-03
6.300000000000000000e+04 2.747541175267542712e-03
6.300000000000000000e+04 2.747541175267542712e-03
6.306000000000000000e+04 3.329348792249220423e-04
6.306000000000000000e+04 3.329348792249220423e-04
6.312000000000000000e+04 2.126446498550649267e-03
6.312000000000000000e+04 2.126446498550649267e-03
6.318000000000000000e+04 -5.989122261780721601e-03
6.318000000000000000e+04 -5.989122261780721601e-03
6.324000000000000000e+04 -6.661093225375225302e-03
6.324000000000000000e+04 -6.661093225375225302e-03
6.330000000000000000e+04 -8.721193812561978120e-03
6.330000000000000000e+04 -8.721193812561978120e-03
6.336000000000000000e+04 -1.368876336800894933e-02
6.336000000000000000e+04 -1.368876336800894933e-02
6.342000000000000000e+04 -1.400078426740947179e-02
6.342000000000000000e+04 -1.400078426740947179e-02
6.348000000000000000e+04 -1.110956318188982550e-02
6.348000000000000000e+04 -1.110956318188982550e-02
6.354000000000000000e+04 -1.793865168838237878e-02
6.354000000000000000e+04 -1.793865168838237878e-02
6.360000000000000000e+04 -4.730490123620256782e-03
6.360000000000000000e+04 -4.730490123620256782e-03
6.366000000000000000e+04 -5.015140744944801554e-03
6.366000000000000000e+04 -5.015140744944801554e-03
6.372000000000000000e+04 2.903649131440033671e-03
6.372000000000000000e+04 2.903649131440033671e-03
6.378000000000000000e+04 2.313123275598627515e-03
6.378000000000000000e+04 2.313123275598627515e-03
6.384000000000000000e+04 -8.507671573170227930e-04
6.384000000000000000e+04 -8.507671573170227930e-04
6.390000000000000000e+04 -3.656766184576554224e-04
6.390000000000000000e+04 -3.656766184576554224e-04
6.396000000000000000e+04 1.185330365842673928e-04
6.396000000000000000e+04 1.185330365842673928e-04
6.402000000000000000e+04 5.318209038705390412e-03
6.402000000000000000e+04 5.318209038705390412e-03
6.408000000000000000e+04 3.784587873269629199e-03
6.408000000000000000e+04 3.784587873269629199e-03
6.414000000000000000e+04 2.439887514810834546e-03
6.414000000000000000e+04 2.439887514810834546e-03
6.420000000000000000e+04 -1.181875653674069326e-02
6.420000000000000000e+04 -1.181875653674069326e-02
6.426000000000000000e+04 1.359052851512387861e-03
6.426000000000000000e+04 1.359052851512387861e-03
6.432000000000000000e+04 -8.061695461947238073e-04
6.432000000000000000e+04 -8.061695461947238073e-04
6.438000000000000000e+04 1.091655383788747713e-03
6.438000000000000000e+04 1.091655383788747713e-03
6.444000000000000000e+04 1.424674957888782956e-03
6.444000000000000000e+04 1.424674957888782956e-03
6.450000000000000000e+04 -1.589164556207833812e-03
6.450000000000000000e+04 -1.589164556207833812e-03
6.456000000000000000e+04 -1.553475387481739745e-03
6.456000000000000000e+04 -1.553475387481739745e-03
6.462000000000000000e+04 -4.649678946407220792e-03
6.462000000000000000e+04 -4.649678946407220792e-03
6.468000000000000000e+04 -4.919229935694602318e-03
6.468000000000000000e+04 -4.919229935694602318e-03
6.474000000000000000e+04 8.276602385194564704e-03
6.474000000000000000e+04 8.276602385194564704e-03
6.480000000000000000e+04 5.627822592941811308e-04
6.480000000000000000e+04 5.627822592941811308e-04
6.486000000000000000e+04 -1.176292760010255734e-02
6.486000000000000000e+04 -1.176292760010255734e-02
6.492000000000000000e+04 -1.342307863069436280e-02
6.492000000000000000e+04 -1.342307863069436280e-02
6.498000000000000000e+04 -6.021713168593123555e-03
6.498000000000000000e+04 -6.021713168593123555e-03
6.504000000000000000e+04 -7.775015074003022164e-03
6.504000000000000000e+04 -7.775015074003022164e-03
6.510000000000000000e+04 -1.565003555333532859e-02
6.510000000000000000e+04 -1.565003555333532859e-02
6.516000000000000000e+04 -1.509260591774364002e-02
6.516000000000000000e+04 -1.509260591774364002e-02
6.522000000000000000e+04 -1.370400428004359128e-02
6.522000000000000000e+04 -1.370400428004359128e-02
6.528000000000000000e+04 -1.442217042676929850e-02
6.528000000000000000e+04 -1.442217042676929850e-02
6.534000000000000000e+04 -1.769496783526847139e-02
6.534000000000000000e+04 -1.769496783526847139e-02
6.540000000000000000e+04 -1.031547084130579606e-02
6.540000000000000000e+04 -1.031547084130579606e-02
6.546000000000000000e+04 -6.712413491186453030e-03
6.546000000000000000e+04 -6.712413491186453030e-03
6.552000000000000000e+04 -7.228858769849466626e-03
6.552000000000000000e+04 -7.228858769849466626e-03
6.558000000000000000e+04 -3.308356029265269171e-03
6.558000000000000000e+04 -3.308356029265269171e-03
6.564000000000000000e+04 -7.559706370557250921e-03
6.564000000000000000e+04 -7.559706370557250921e-03
6.570000000000000000e+04 -3.942558460039435886e-03
6.570000000000000000e+04 -3.942558460039435886e-03
6.576000000000000000e+04 -7.856121326767606661e-03
6.576000000000000000e+04 -7.856121326767606661e-03
6.582000000000000000e+04 -5.932238635978137609e-03
6.582000000000000000e+04 -5.932238635978137609e-03
6.588000000000000000e+04 -9.777453751667053439e-03
6.588000000000000000e+04 -9.777453751667053439e-03
6.594000000000000000e+04 -7.961982716551574413e-03
6.594000000000000000e+04 -7.961982716551574413e-03
6.600000000000000000e+04 -1.678273287325282581e-03
6.600000000000000000e+04 -1.678273287325282581e-03
6.606000000000000000e+04 5.420067961495078634e-03
6.606000000000000000e+04 5.420067961495078634e-03
6.612000000000000000e+04 9.389502803969662637e-03
6.612000000000000000e+04 9.389502803969662637e-03
6.618000000000000000e+04 -1.798894281819229946e-04
6.618000000000000000e+04 -1.798894281819229946e-04
6.624000000000000000e+04 -9.404689708389923908e-04
6.624000000000000000e+04 -9.404689708389923908e-04
6.630000000000000000e+04 5.593178309936774895e-03
6.630000000000000000e+04 5.593178309936774895e-03
6.636000000000000000e+04 8.757512759984820150e-03
6.642000000000000000e+04 4.164153700003225822e-03
6.648000000000000000e+04 2.904122979998646770e-03
6.654000000000000000e+04 -2.816539333252876531e-03
6.660000000000000000e+04 -1.125520809637237107e-02
6.666000000000000000e+04 -1.545509645620768424e-02
6.672000000000000000e+04 -1.156571119372529211e-02
6.678000000000000000e+04 -9.046786103681370150e-03
6.684000000000000000e+04 -1.292555306463327724e-03
6.690000000000000000e+04 -6.246013555937679484e-03
6.696000000000000000e+04 -5.575516085627896246e-03
6.702000000000000000e+04 -1.169819027472840389e-02
6.708000000000000000e+04 -9.540555306557507720e-03
6.714000000000000000e+04 -5.684455332811921835e-03
6.720000000000000000e+04 -4.011683692624501418e-03
6.726000000000000000e+04 -7.060947700665565208e-04
6.732000000000000000e+04 -1.362591171528038103e-03
6.738000000000000000e+04 7.629201262716378551e-03
6.744000000000000000e+04 1.785005734927835874e-02
6.750000000000000000e+04 1.734865068101498764e-02
6.756000000000000000e+04 1.288976924934104318e-02
6.762000000000000000e+04 -2.099891049510915764e-03
6.768000000000000000e+04 6.528410746795998421e-03
6.774000000000000000e+04 1.420202297140349401e-02
6.780000000000000000e+04 1.031917553791572573e-02
6.786000000000000000e+04 4.098193031495611649e-03
6.792000000000000000e+04 1.094096788983733859e-02
6.798000000000000000e+04 1.254066197543579619e-02
6.804000000000000000e+04 1.808835986594203860e-02
6.810000000000000000e+04 9.026416892993438523e-03
6.816000000000000000e+04 4.035311358165927231e-03
6.822000000000000000e+04 1.252345477769267745e-02
6.828000000000000000e+04 2.458849127378925914e-02
6.834000000000000000e+04 2.571330531918647466e-02
6.840000000000000000e+04 1.266346772627002792e-02
6.846000000000000000e+04 7.503541723053785972e-03
6.852000000000000000e+04 7.786259860040445346e-03
6.858000000000000000e+04 7.889298535701527726e-03
6.864000000000000000e+04 7.829622278222814202e-03
6.870000000000000000e+04 1.262687933376582805e-03
6.876000000000000000e+04 6.674022187326045241e-03
6.882000000000000000e+04 1.259841351202339865e-02
6.888000000000000000e+04 1.271138848369446350e-02
6.894000000000000000e+04 1.528843564119597431e-02
6.900000000000000000e+04 2.067771727251965785e-02
6.906000000000000000e+04 2.597209460873273201e-02
6.912000000000000000e+04 2.464668102129508043e-02
6.918000000000000000e+04 2.114649225859466242e-02
6.924000000000000000e+04 1.894658343371702358e-02
6.930000000000000000e+04 1.836354946317442227e-02
6.936000000000000000e+04 1.398106832129997201e-02
6.942000000000000000e+04 1.690513629000633955e-02
6.948000000000000000e+04 2.242421100072533591e-02
6.954000000000000000e+04 1.540833718991052592e-02
6.960000000000000000e+04 4.224975974466360640e-03
6.966000000000000000e+04 2.257620953969308175e-03
6.972000000000000000e+04 6.929312184183800127e-03
6.978000000000000000e+04 8.903082576580345631e-03
6.984000000000000000e+04 2.039020885604259092e-03
6.990000000000000000e+04 -1.422337782059912570e-04
7.086000000000000000e+04 6.994843366555869579e-03
7.176000000000000000e+04 -3.410255616472568363e-03
7.266000000000000000e+04 -3.119190560028073378e-04
7.356000000000000000e+04 2.101031113852513954e-03
7.446000000000000000e+04 1.378507056688249577e-02
7.536000000000000000e+04 3.154809746774844825e-03
7.626000000000000000e+04 -5.720036265302042011e-03
7.716000000000000000e+04 1.591055526660056785e-03
7.716000000000000000e+04 2.591055526863783598e-03
7.722000000000000000e+04 8.611631433268485125e-03
7.728000000000000000e+04 8.949337739068141673e-03
7.734000000000000000e+04 -4.445924887477303855e-04
7.740000000000000000e+04 -2.472850922458746936e-03
7.746000000000000000e+04 -1.577206767251482233e-04
7.752000000000000000e+04 7.545712433056905866e-04
7.758000000000000000e+04 2.639320080561446957e-03
7.764000000000000000e+04 6.161977767078496981e-03
7.770000000000000000e+04 5.893073109291435685e-03
7.776000000000000000e+04 4.735108323075110093e-03
7.782000000000000000e+04 7.594056921334413346e-03
7.788000000000000000e+04 2.851956062841054518e-03
7.794000000000000000e+04 1.632411423088342417e-03
7.800000000000000000e+04 -5.512783057383785490e-03
7.806000000000000000e+04 -9.341597341517626774e-03
7.806000000000000000e+04 -1.234159734212880721e-02
7.812000000000000000e+04 -8.573601719945145305e-03
7.818000000000000000e+04 2.169254499676753767e-03
7.824000000000000000e+04 1.703190093394368887e-03
7.830000000000000000e+04 3.043313137823133729e-03
7.836000000000000000e+04 6.743776641997101251e-03
7.842000000000000000e+04 3.423440011829370633e-03
7.848000000000000000e+04 -5.551953763642814010e-04
7.854000000000000000e+04 1.138497780630132183e-03
7.860000000000000000e+04 4.759318378091847990e-03
7.866000000000000000e+04 2.132436606189003214e-03
7.872000000000000000e+04 2.275832419400103390e-03
7.878000000000000000e+04 2.864905626665859018e-03
7.884000000000000000e+04 -2.815557296344195493e-03
7.890000000000000000e+04 -4.697026766734779812e-03
7.896000000000000000e+04 -2.201015167884179391e-03
7.896000000000000000e+04 -4.201015167382138316e-03
7.902000000000000000e+04 -4.130243524741672445e-03
7.908000000000000000e+04 -2.875524444789334666e-03
7.914000000000000000e+04 -5.890530740543908905e-03
7.920000000000000000e+04 -3.485605301648320165e-03
7.926000000000000000e+04 -6.340902229567291215e-03
7.932000000000000000e+04 -8.399622034630738199e-03
7.938000000000000000e+04 -9.111636794841615483e-03
7.944000000000000000e+04 -1.202673992065683706e-02
7.950000000000000000e+04 1.279587393582914956e-03
7.956000000000000000e+04 1.009698045800178079e-02
7.962000000000000000e+04 8.284862975415308028e-03
7.968000000000000000e+04 2.721104056035983376e-04
7.974000000000000000e+04 2.475714791216887534e-05
7.980000000000000000e+04 -6.868968630442395806e-03
7.986000000000000000e+04 -5.983642867249727715e-03
7.986000000000000000e+04 -8.983642866951413453e-03
7.992000000000000000e+04 -8.915058865568425972e-03
7.998000000000000000e+04 -9.252809095414704643e-03
8.004000000000000000e+04 -1.450474038210813887e-02
8.010000000000000000e+04 -2.052497959448373877e-02
8.016000000000000000e+04 -1.696307560450804885e-02
8.022000000000000000e+04 -1.226935084559954703e-02
8.028000000000000000e+04 -1.438000181860843441e-02
8.034000000000000000e+04 -1.455748598073114408e-02
8.040000000000000000e+04 -1.713383023889036849e-02
8.046000000000000000e+04 -1.256960094997339183e-02
8.052000000000000000e+04 -7.811119280631828588e-03
8.058000000000000000e+04 -8.515608938068908174e-03
8.064000000000000000e+04 -1.504063325683091534e-02
8.070000000000000000e+04 -1.138048890697973548e-02
8.076000000000000000e+04 -2.118066347065905575e-03
8.076000000000000000e+04 -2.118066347065905575e-03
8.082000000000000000e+04 3.825264196166244801e-03
8.088000000000000000e+04 4.346983223513234407e-03
8.094000000000000000e+04 -1.139548421633662656e-03
8.100000000000000000e+04 -1.408161209474201314e-02
8.106000000000000000e+04 -1.986685658448550384e-02
8.112000000000000000e+04 -1.341917053014185512e-02
8.118000000000000000e+04 -1.110934312055178452e-02
8.124000000000000000e+04 -5.394839387008687481e-03
8.130000000000000000e+04 -8.086326418379030656e-03
8.136000000000000000e+04 -1.184827173528901767e-02
8.142000000000000000e+04 -5.207275115935772192e-03
8.148000000000000000e+04 -9.080272029677871615e-03
8.154000000000000000e+04 -1.393806782471074257e-02
8.160000000000000000e+04 -1.102829289357032394e-02
8.166000000000000000e+04 -8.416019245487404987e-03
8.172000000000000000e+04 -1.040733201352850301e-02
8.178000000000000000e+04 -1.042033695102873025e-02
8.184000000000000000e+04 -1.109123087098851101e-02
8.190000000000000000e+04 -1.618857736229983857e-02
8.196000000000000000e+04 -1.633283302362542599e-02
8.202000000000000000e+04 -1.675778389653714839e-02
8.208000000000000000e+04 -3.376553608177346177e-03
8.214000000000000000e+04 6.320252926343528088e-03
8.220000000000000000e+04 8.821801399790274445e-03
8.226000000000000000e+04 1.208497750667447690e-02
8.226000000000000000e+04 1.508497750637616264e-02
8.232000000000000000e+04 2.366573462222731905e-02
8.232000000000000000e+04 2.166573462272936013e-02
8.232000000000000000e+04 2.566573462263477268e-02
8.232000000000000000e+04 2.566573462263477268e-02
8.238000000000000000e+04 1.621155548218666809e-02
8.238000000000000000e+04 2.521155548220122000e-02
8.238000000000000000e+04 2.221155548159003956e-02
8.238000000000000000e+04 1.621155548218666809e-02
8.238000000000000000e+04 1.521155548198294127e-02
8.244000000000000000e+04 1.416810385944700101e-02
8.244000000000000000e+04 1.716810385914868675e-02
8.244000000000000000e+04 1.516810385965072783e-02
8.244000000000000000e+04 1.616810385894495994e-02
8.244000000000000000e+04 1.416810385944700101e-02
8.250000000000000000e+04 9.204874233546433970e-03
8.250000000000000000e+04 1.620487423315353226e-02
8.250000000000000000e+04 1.420487423365557333e-02
8.250000000000000000e+04 1.120487423304439289e-02
8.256000000000000000e+04 3.658352357888361439e-03
8.262000000000000000e+04 6.856370776404219214e-03
8.268000000000000000e+04 5.760242670476145577e-03
8.274000000000000000e+04 5.068810488410235848e-03
8.280000000000000000e+04 4.107649094294174574e-03
8.286000000000000000e+04 7.304676923013175838e-03
8.292000000000000000e+04 7.060694751999108121e-03
8.298000000000000000e+04 2.944318615845986642e-03
8.304000000000000000e+04 4.010038308479124680e-03
8.310000000000000000e+04 5.596434676590433810e-03
8.316000000000000000e+04 -2.434852472106285859e-03
8.322000000000000000e+04 -7.660300726456625853e-03
8.328000000000000000e+04 -3.786502197726804297e-03
8.334000000000000000e+04 5.643687477459025104e-03
8.340000000000000000e+04 7.230670788885618094e-03
8.346000000000000000e+04 3.942468465538695455e-03
8.352000000000000000e+04 7.251789072142855730e-03
8.358000000000000000e+04 1.065270791150396690e-02
8.364000000000000000e+04 1.327895403665024787e-02
8.370000000000000000e+04 1.380340877039998304e-02
8.376000000000000000e+04 6.866220102892839350e-03
8.382000000000000000e+04 3.142492581901024096e-03
8.388000000000000000e+04 -4.654795584428939037e-04
8.394000000000000000e+04 -6.508156495328876190e-03
8.400000000000000000e+04 -6.422244456189218909e-03
8.406000000000000000e+04 -4.182238932116888463e-03
8.412000000000000000e+04 -1.976660254513262771e-03
8.418000000000000000e+04 -1.812602659811091144e-03
8.424000000000000000e+04 -4.696105884249845985e-03
8.430000000000000000e+04 -6.545246924360981211e-04
8.436000000000000000e+04 4.717114040431624744e-03
8.442000000000000000e+04 1.665965760366816539e-03
8.448000000000000000e+04 -2.430528728837089147e-03
8.454000000000000000e+04 -1.057329638388182502e-02
8.460000000000000000e+04 -1.139860043804219458e-02
8.466000000000000000e+04 -8.683474868121265899e-03
8.472000000000000000e+04 -1.198502292845660122e-02
8.478000000000000000e+04 -1.095756047925533494e-02
8.484000000000000000e+04 -1.235004018781182822e-02
8.490000000000000000e+04 -1.481045486252696719e-02
8.496000000000000000e+04 -1.155083347566687735e-02
8.502000000000000000e+04 -1.250378885470126988e-02
8.508000000000000000e+04 -1.513298290137754520e-02
8.514000000000000000e+04 -1.081913114830967970e-02
8.520000000000000000e+04 -9.153768201031198259e-03
8.526000000000000000e+04 -4.926658375552506186e-03
8.532000000000000000e+04 -2.753053950982575770e-03
8.538000000000000000e+04 -2.846337334631243721e-03
8.544000000000000000e+04 -6.189827342495846096e-03
8.550000000000000000e+04 -5.200557608986855485e-03
8.556000000000000000e+04 -9.396436065799207427e-03
8.562000000000000000e+04 -1.392653458333370509e-02
8.568000000000000000e+04 -3.048317742468498182e-03
8.574000000000000000e+04 6.493339508779172320e-03
8.580000000000000000e+04 3.277337069448549300e-03
8.586000000000000000e+04 6.106452393396466505e-03
8.592000000000000000e+04 1.176109262178215431e-02
8.598000000000000000e+04 1.217701808946003439e-02
8.604000000000000000e+04 7.254467152051802259e-03
8.610000000000000000e+04 -9.257510593670303933e-03
8.616000000000000000e+04 -5.984861658362206072e-03
8.622000000000000000e+04 -6.706532976750168018e-04
8.628000000000000000e+04 -5.787225983112875838e-03
8.634000000000000000e+04 -7.728869596576259937e-03
8.640000000000000000e+04 -7.529944850830361247e-03
8.646000000000000000e+04 -3.794511335399874952e-03
8.652000000000000000e+04 -8.714672680980584119e-03
8.658000000000000000e+04 -1.184596547955152346e-02
8.664000000000000000e+04 -7.856457454181509092e-03
8.670000000000000000e+04 2.631085551911382936e-03
8.676000000000000000e+04 1.299101597396656871e-03
8.682000000000000000e+04 -8.466990702800103463e-04
8.688000000000000000e+04 -1.537615277811710257e-03
8.694000000000000000e+04 -8.053396413743030280e-06
8.700000000000000000e+04 -4.364472115412354469e-03
8.706000000000000000e+04 -2.739779317380452994e-03
8.712000000000000000e+04 -3.637753595285175834e-03
8.718000000000000000e+04 1.654875048188841902e-03
8.724000000000000000e+04 1.123805981478653848e-03
8.730000000000000000e+04 -1.966892600648861844e-03
8.736000000000000000e+04 -8.299148530568345450e-04
8.742000000000000000e+04 -4.558053923574334476e-03
8.748000000000000000e+04 -7.345654096752696205e-03
8.754000000000000000e+04 -1.483537262174650095e-04
8.760000000000000000e+04 2.925244566540641245e-03
8.766000000000000000e+04 -6.010994092321197968e-03
8.772000000000000000e+04 -1.161728787883475889e-02
8.778000000000000000e+04 -5.657850038005562965e-03
8.784000000000000000e+04 -4.786755084751348477e-03
8.790000000000000000e+04 -3.947098281969374511e-03
8.796000000000000000e+04 -6.767558314095367678e-03
8.802000000000000000e+04 -5.071169480288517661e-03
8.808000000000000000e+04 6.023835712767322548e-04
8.814000000000000000e+04 3.605772407354379538e-03
8.820000000000000000e+04 -1.861083222138404381e-03
8.826000000000000000e+04 -7.352405090387037490e-03
8.832000000000000000e+04 -8.049334673160046805e-03
8.838000000000000000e+04 -8.075922878560959361e-03
8.844000000000000000e+04 -3.767729787796270102e-03
8.850000000000000000e+04 -1.467193670578126330e-03
8.856000000000000000e+04 1.562581019243225455e-04
8.862000000000000000e+04 4.338143618042522576e-03
8.868000000000000000e+04 2.491413186362478882e-03
8.874000000000000000e+04 -3.641414090452599339e-03
8.880000000000000000e+04 -7.052887235658999998e-03
8.886000000000000000e+04 -6.113063501288706902e-03
8.892000000000000000e+04 -6.300742770690703765e-03
8.898000000000000000e+04 -4.905299520942207891e-03
8.904000000000000000e+04 -6.107182797677523922e-03
8.910000000000000000e+04 -3.521323915265384130e-03
8.916000000000000000e+04 1.741668311296962202e-04
8.922000000000000000e+04 -1.611378986126510426e-03
8.928000000000000000e+04 -4.442687118171306793e-03
8.934000000000000000e+04 -2.036115683949901722e-03
8.940000000000000000e+04 -5.949438835159526207e-03
8.946000000000000000e+04 -6.539463067383621819e-03
8.952000000000000000e+04 3.677121457258181181e-03
8.958000000000000000e+04 5.018581096919660922e-03
8.964000000000000000e+04 2.866126367734977975e-03
8.970000000000000000e+04 4.907482370981597342e-03
8.976000000000000000e+04 -1.924734412568795960e-03
8.982000000000000000e+04 -4.250440896612417419e-03
8.988000000000000000e+04 1.877551979305280838e-03
8.994000000000000000e+04 1.738419879075081553e-03
9.000000000000000000e+04 -1.328816827481205110e-03
9.006000000000000000e+04 4.184379357866419014e-03
9.012000000000000000e+04 4.844568617045297287e-03
9.018000000000000000e+04 7.707939033025468234e-03
9.024000000000000000e+04 1.406738313926325645e-02
9.030000000000000000e+04 1.560390654867660487e-02
9.036000000000000000e+04 6.300864961303886957e-03
9.042000000000000000e+04 4.913759860755817499e-03
9.048000000000000000e+04 7.898269901488674805e-03
9.054000000000000000e+04 9.404435456417559180e-03
9.060000000000000000e+04 7.862188708713802043e-03
9.066000000000000000e+04 1.084642182740935823e-02
9.072000000000000000e+04 1.409805292314558756e-02
9.078000000000000000e+04 1.340345409062138060e-02
9.084000000000000000e+04 1.769718864943570225e-02
9.090000000000000000e+04 2.333379562242043903e-02
9.096000000000000000e+04 2.314752628808491863e-02
9.102000000000000000e+04 1.327126524211053038e-02
9.108000000000000000e+04 8.722478044546733145e-03
9.114000000000000000e+04 4.820852663215191569e-03
9.120000000000000000e+04 3.800115499871026259e-03
9.126000000000000000e+04 5.326723755388229620e-03
9.132000000000000000e+04 8.063466055318713188e-03
9.138000000000000000e+04 9.926426017955236603e-03
9.144000000000000000e+04 4.767805105984734837e-03
9.150000000000000000e+04 5.913126247833133675e-03
9.156000000000000000e+04 1.462367243675544159e-02
9.162000000000000000e+04 1.436027118325000629e-02
9.168000000000000000e+04 1.233072920240374515e-02
9.174000000000000000e+04 1.394808577515505021e-02
9.180000000000000000e+04 1.148035014193737879e-02
9.186000000000000000e+04 1.814181950976490043e-03
9.192000000000000000e+04 -1.135518647970457096e-03
9.198000000000000000e+04 -1.692601060312881600e-03
9.204000000000000000e+04 -6.334540883472072892e-03
9.210000000000000000e+04 -1.593410691384633537e-03
9.216000000000000000e+04 1.668103484917082824e-03
9.222000000000000000e+04 -3.042194025510980282e-03
9.228000000000000000e+04 -3.094474567660654429e-03
9.234000000000000000e+04 -4.318486442571156658e-03
9.240000000000000000e+04 -3.219391341190203093e-03
9.246000000000000000e+04 2.763129372397088446e-03
9.252000000000000000e+04 6.364692175338859670e-03
9.258000000000000000e+04 9.324873783953080419e-03
9.264000000000000000e+04 3.305739652205375023e-03
9.270000000000000000e+04 1.635986945984768681e-03
9.276000000000000000e+04 -1.917102863444597460e-03
9.282000000000000000e+04 -7.637677026650635526e-05
9.288000000000000000e+04 -3.908276175934588537e-04
9.294000000000000000e+04 -9.050627771102881525e-03
9.300000000000000000e+04 -1.533878760801599128e-02
9.306000000000000000e+04 -1.583183612183347577e-02
9.312000000000000000e+04 -8.162866909515287261e-03
9.318000000000000000e+04 -3.971172092860797420e-03
9.324000000000000000e+04 -2.554542831603612285e-03
9.330000000000000000e+04 -5.017974805923586246e-03
9.336000000000000000e+04 -3.971970490056264680e-03
9.342000000000000000e+04 -5.462252470351813827e-03
9.348000000000000000e+04 -5.212273706092673820e-03
9.354000000000000000e+04 -6.804879805713426322e-03
9.360000000000000000e+04 -2.911429100095119793e-03
9.366000000000000000e+04 -4.711158322606934234e-03
9.372000000000000000e+04 -4.386369669191481080e-03
9.378000000000000000e+04 7.399148234071617480e-03
9.384000000000000000e+04 1.347444370912853628e-02
9.390000000000000000e+04 1.069720903069537599e-02
9.396000000000000000e+04 2.879611310163454618e-03
9.402000000000000000e+04 -1.472265261327265762e-03
9.408000000000000000e+04 -2.504756221242132597e-03
9.414000000000000000e+04 -3.420072593144141138e-03
9.420000000000000000e+04 -5.800941749839694239e-03
9.426000000000000000e+04 -3.993196682131383568e-03
9.432000000000000000e+04 -7.967127628944581375e-03
9.438000000000000000e+04 -5.451911428281164262e-03
9.444000000000000000e+04 -3.121399426163407043e-03
9.450000000000000000e+04 4.752053631818853319e-03
9.456000000000000000e+04 2.676913353752752300e-03
9.462000000000000000e+04 -4.950709884724346921e-03
9.468000000000000000e+04 -9.319355244770122226e-03
9.474000000000000000e+04 -9.520015403722936753e-03
9.480000000000000000e+04 -4.746965578306117095e-03
9.486000000000000000e+04 3.380859006938408129e-04
9.492000000000000000e+04 7.051210479403380305e-03
9.498000000000000000e+04 5.763838715211022645e-03
9.504000000000000000e+04 -1.917001309266197495e-04
9.510000000000000000e+04 1.412150363648834173e-03
9.606000000000000000e+04 1.530862914478348102e-03
9.696000000000000000e+04 -1.479800958986743353e-02
9.786000000000000000e+04 -2.053279825395293301e-02
9.876000000000000000e+04 -1.608598829989205115e-03
9.966000000000000000e+04 -1.832033662140020169e-03
1.005600000000000000e+05 1.846283867052989081e-04
1.014600000000000000e+05 1.924436071021773387e-03
1.023600000000000000e+05 -6.506002023343171459e-03
1.032600000000000000e+05 -1.984160784013511147e-02
1.041600000000000000e+05 1.876444652225472964e-03
1.050600000000000000e+05 -8.151188970259681810e-03
1.059600000000000000e+05 1.215531608886522008e-02
1.068600000000000000e+05 1.402184007383766584e-02
1.077600000000000000e+05 4.648607663511938881e-03
1.086600000000000000e+05 4.948495978169376031e-03
1.095600000000000000e+05 -1.055714478661684552e-02
1.104600000000000000e+05 4.518777072007651441e-03
1.113600000000000000e+05 -7.757545253298303578e-03
1.122600000000000000e+05 -2.312253170202893671e-03
1.131600000000000000e+05 2.073409809781878721e-03
1.140600000000000000e+05 9.330349650554126129e-03
1.149600000000000000e+05 -3.777825397264678031e-03
1.158600000000000000e+05 -9.234777065103116911e-03
1.167600000000000000e+05 -3.917334477591793984e-03
1.176600000000000000e+05 -2.133545757715182845e-03
1.185600000000000000e+05 4.889020225164131261e-03
1.194600000000000000e+05 4.947128921230614651e-03
1.203600000000000000e+05 3.474216471659019589e-03
1.212600000000000000e+05 1.478204762861423660e-03
1.221600000000000000e+05 5.219690940975851845e-03
1.230600000000000000e+05 9.578348686773097143e-03
1.239600000000000000e+05 -7.463227608241140842e-03
1.248600000000000000e+05 2.358999521675286815e-03
1.257600000000000000e+05 -5.629649596812669188e-03
1.266600000000000000e+05 -1.080915707825624850e-02
1.275600000000000000e+05 2.132113365405530203e-03
1.284600000000000000e+05 -8.087629174951871391e-03
1.293600000000000000e+05 -6.245301718990958761e-03
1.302600000000000000e+05 -4.457355948943586554e-03
1.311600000000000000e+05 5.105888094476540573e-03
1.320600000000000000e+05 2.727400714320538100e-03
1.329600000000000000e+05 2.181038395156065235e-02
1.338600000000000000e+05 5.882686538825510070e-03
1.347600000000000000e+05 -8.359255428331380244e-03
1.356600000000000000e+05 -1.041002400779689196e-02
1.365600000000000000e+05 4.676292595831910148e-03
1.374600000000000000e+05 -4.210485283692833036e-03
1.383600000000000000e+05 -6.034744945282000117e-03
1.392600000000000000e+05 5.134939194249454886e-03
