#Lat. Lon. depth slip rake strike dip
      -37.67900      -74.58290        2.86220        5.91764      129.46590       17.50000       18.00000
      -37.42150      -74.48280        2.86220      250.16440      117.84590       17.50000       18.00000
      -37.16400      -74.38260        2.86220      307.64120      120.78140       17.50000       18.00000
      -36.90650      -74.28240        2.86220      147.54910      130.02789       17.50000       18.00000
      -36.64910      -74.18230        2.86220      125.72850       99.48671       17.50000       18.00000
      -36.39160      -74.08210        2.86220      259.09860       86.90758       17.50000       18.00000
      -36.13410      -73.98200        2.86220      288.40189       83.11176       17.50000       18.00000
      -35.87660      -73.88180        2.86220      291.63391       83.10876       17.50000       18.00000
      -35.61910      -73.78160        2.86220      252.60181       82.79553       17.50000       18.00000
      -35.36160      -73.68150        2.86220      164.17210      106.21420       17.50000       18.00000
      -35.10420      -73.58130        2.86220       64.77453       89.86546       17.50000       18.00000
      -34.84670      -73.48120        2.86220       11.58376      120.14800       17.50000       18.00000
      -34.58920      -73.38100        2.86220       14.14916      130.23880       17.50000       18.00000
      -34.33170      -73.28090        2.86220       16.52921       99.79929       17.50000       18.00000
      -34.07420      -73.18070        2.86220       82.93747      129.93770       17.50000       18.00000
      -33.81670      -73.08050        2.86220      247.00670       99.08452       17.50000       18.00000
      -33.55930      -72.98040        2.86220      149.44000      112.71780       17.50000       18.00000
      -33.30180      -72.88020        2.86220        8.11135      101.81050       17.50000       18.00000
      -37.73050      -74.38150        9.04260        8.43790      128.02161       17.50000       18.00000
      -37.47300      -74.28130        9.04260       66.66985       89.57764       17.50000       18.00000
      -37.21550      -74.18120        9.04260       30.20486       87.43345       17.50000       18.00000
      -36.95800      -74.08100        9.04260       28.27766       94.77892       17.50000       18.00000
      -36.70050      -73.98090        9.04260      281.60510       87.11237       17.50000       18.00000
      -36.44300      -73.88070        9.04260      653.35919       91.44271       17.50000       18.00000
      -36.18560      -73.78050        9.04260      855.23120       90.70399       17.50000       18.00000
      -35.92810      -73.68040        9.04260      857.58948       98.75188       17.50000       18.00000
      -35.67060      -73.58020        9.04260      879.66589       96.25528       17.50000       18.00000
      -35.41310      -73.48010        9.04260      689.27771       97.69676       17.50000       18.00000
      -35.15560      -73.37990        9.04260      513.81360       99.47742       17.50000       18.00000
      -34.89810      -73.27980        9.04260      500.88589      101.68450       17.50000       18.00000
      -34.64070      -73.17960        9.04260      487.29880       85.60384       17.50000       18.00000
      -34.38320      -73.07940        9.04260      385.80981       95.68392       17.50000       18.00000
      -34.12570      -72.97930        9.04260      217.86630      110.26550       17.50000       18.00000
      -33.86820      -72.87910        9.04260       79.40733      119.68500       17.50000       18.00000
      -33.61070      -72.77900        9.04260      106.39750       90.35181       17.50000       18.00000
      -33.35320      -72.67880        9.04260        5.41658      141.22391       17.50000       18.00000
      -37.78190      -74.18010       15.22290        1.85867      126.80610       17.50000       18.00000
      -37.52440      -74.07990       15.22290       17.99608      112.06800       17.50000       18.00000
      -37.26700      -73.97980       15.22290        6.28698      113.02780       17.50000       18.00000
      -37.00950      -73.87960       15.22290       36.82090       86.61698       17.50000       18.00000
      -36.75200      -73.77950       15.22290      354.16989      117.87210       17.50000       18.00000
      -36.49450      -73.67930       15.22290      800.75928      121.64060       17.50000       18.00000
      -36.23700      -73.57910       15.22290      976.89502      106.23710       17.50000       18.00000
      -35.97950      -73.47900       15.22290     1061.67395      109.91810       17.50000       18.00000
      -35.72210      -73.37880       15.22290     1018.39801      107.75940       17.50000       18.00000
      -35.46460      -73.27870       15.22290      887.75031       91.36826       17.50000       18.00000
      -35.20710      -73.17850       15.22290      798.94592       91.42039       17.50000       18.00000
      -34.94960      -73.07830       15.22290      935.97083      100.44780       17.50000       18.00000
      -34.69210      -72.97820       15.22290     1091.32996       85.47787       17.50000       18.00000
      -34.43470      -72.87800       15.22290      843.68488       97.98960       17.50000       18.00000
      -34.17720      -72.77790       15.22290      409.55151       82.77827       17.50000       18.00000
      -33.91970      -72.67770       15.22290      143.62959      134.26370       17.50000       18.00000
      -33.66220      -72.57760       15.22290      120.69900       98.48377       17.50000       18.00000
      -33.40470      -72.47740       15.22290        2.21355      120.42040       17.50000       18.00000
      -37.83340      -73.97870       21.40330        5.61497      126.17780       17.50000       18.00000
      -37.57590      -73.87850       21.40330        7.24198      138.62759       17.50000       18.00000
      -37.31840      -73.77840       21.40330        0.32390      115.28530       17.50000       18.00000
      -37.06100      -73.67820       21.40330       34.74867      133.53169       17.50000       18.00000
      -36.80350      -73.57800       21.40330      363.94449      137.69940       17.50000       18.00000
      -36.54600      -73.47790       21.40330      807.65942      140.11169       17.50000       18.00000
      -36.28850      -73.37770       21.40330      853.39862      121.23620       17.50000       18.00000
      -36.03100      -73.27760       21.40330     1033.86694      129.00670       17.50000       18.00000
      -35.77350      -73.17740       21.40330      991.26819      116.71850       17.50000       18.00000
      -35.51610      -73.07730       21.40330      770.44019      105.34710       17.50000       18.00000
      -35.25860      -72.97710       21.40330      859.27692      105.45790       17.50000       18.00000
      -35.00110      -72.87690       21.40330     1026.54700      103.23190       17.50000       18.00000
      -34.74360      -72.77680       21.40330     1322.39197      103.44180       17.50000       18.00000
      -34.48610      -72.67660       21.40330     1141.41504      117.75040       17.50000       18.00000
      -34.22860      -72.57650       21.40330      576.69769      101.56670       17.50000       18.00000
      -33.97120      -72.47630       21.40330      350.79639       93.49589       17.50000       18.00000
      -33.71370      -72.37610       21.40330      241.59911       84.48014       17.50000       18.00000
      -33.45620      -72.27600       21.40330        0.82856      139.62041       17.50000       18.00000
      -37.88490      -73.77730       27.58360        5.30474      130.77991       17.50000       18.00000
      -37.62740      -73.67710       27.58360      151.56110      139.23140       17.50000       18.00000
      -37.36990      -73.57700       27.58360      142.32950      135.57370       17.50000       18.00000
      -37.11240      -73.47680       27.58360       47.54208      114.71630       17.50000       18.00000
      -36.85490      -73.37660       27.58360      182.62199      136.51270       17.50000       18.00000
      -36.59750      -73.27650       27.58360      354.11719       98.29987       17.50000       18.00000
      -36.34000      -73.17630       27.58360      761.85663      102.92170       17.50000       18.00000
      -36.08250      -73.07620       27.58360     1041.11804      113.00860       17.50000       18.00000
      -35.82500      -72.97600       27.58360     1068.87500      108.18220       17.50000       18.00000
      -35.56750      -72.87580       27.58360      742.37433      114.60800       17.50000       18.00000
      -35.31000      -72.77570       27.58360      744.68982      112.20470       17.50000       18.00000
      -35.05260      -72.67550       27.58360      965.93079       95.33120       17.50000       18.00000
      -34.79510      -72.57540       27.58360     1333.39099      106.26420       17.50000       18.00000
      -34.53760      -72.47520       27.58360     1236.55200      119.81350       17.50000       18.00000
      -34.28010      -72.37500       27.58360      691.79523      107.85420       17.50000       18.00000
      -34.02260      -72.27490       27.58360      495.91959       98.14899       17.50000       18.00000
      -33.76510      -72.17470       27.58360      308.17471       83.21251       17.50000       18.00000
      -33.50770      -72.07460       27.58360        2.81045      131.20810       17.50000       18.00000
      -37.93640      -73.57590       33.76390        1.43595       86.25510       17.50000       18.00000
      -37.67890      -73.47570       33.76390      275.45560      129.61301       17.50000       18.00000
      -37.42140      -73.37550       33.76390      352.52081      133.63609       17.50000       18.00000
      -37.16390      -73.27540       33.76390      326.34369      124.83070       17.50000       18.00000
      -36.90640      -73.17520       33.76390      240.19479      105.64340       17.50000       18.00000
      -36.64890      -73.07510       33.76390      296.24661       93.58660       17.50000       18.00000
      -36.39150      -72.97490       33.76390      778.70569      103.14820       17.50000       18.00000
      -36.13400      -72.87470       33.76390     1142.25098       97.34324       17.50000       18.00000
      -35.87650      -72.77460       33.76390     1022.54199       98.89584       17.50000       18.00000
      -35.61900      -72.67440       33.76390      673.98102      128.45540       17.50000       18.00000
      -35.36150      -72.57430       33.76390      422.09439      111.53550       17.50000       18.00000
      -35.10400      -72.47410       33.76390      566.18628       90.43279       17.50000       18.00000
      -34.84660      -72.37400       33.76390      902.83893      102.50770       17.50000       18.00000
      -34.58910      -72.27380       33.76390      995.85779       98.23479       17.50000       18.00000
      -34.33160      -72.17360       33.76390      444.10681       83.54255       17.50000       18.00000
      -34.07410      -72.07350       33.76390      404.06119       90.95366       17.50000       18.00000
      -33.81660      -71.97330       33.76390      218.11481       84.97417       17.50000       18.00000
      -33.55910      -71.87320       33.76390        4.27308      135.56461       17.50000       18.00000
      -37.98780      -73.37450       39.94430        5.60655      101.68670       17.50000       18.00000
      -37.73030      -73.27430       39.94430      212.77699      117.46810       17.50000       18.00000
      -37.47290      -73.17410       39.94430      460.82480      103.30720       17.50000       18.00000
      -37.21540      -73.07400       39.94430      523.15649      120.31990       17.50000       18.00000
      -36.95790      -72.97380       39.94430      356.92230      117.02310       17.50000       18.00000
      -36.70040      -72.87370       39.94430      370.12549      120.44080       17.50000       18.00000
      -36.44290      -72.77350       39.94430      844.40057      102.10760       17.50000       18.00000
      -36.18540      -72.67330       39.94430     1462.16504       95.50404       17.50000       18.00000
      -35.92800      -72.57320       39.94430     1261.71106      108.02570       17.50000       18.00000
      -35.67050      -72.47300       39.94430      527.70142      124.96340       17.50000       18.00000
      -35.41300      -72.37290       39.94430      373.24481       91.40468       17.50000       18.00000
      -35.15550      -72.27270       39.94430      303.31381      102.10910       17.50000       18.00000
      -34.89800      -72.17250       39.94430      702.99060      115.14300       17.50000       18.00000
      -34.64050      -72.07240       39.94430      911.92517      102.67360       17.50000       18.00000
      -34.38310      -71.97220       39.94430      663.30103       95.70218       17.50000       18.00000
      -34.12560      -71.87210       39.94430      575.47052      106.57390       17.50000       18.00000
      -33.86810      -71.77190       39.94430      274.46909       82.70718       17.50000       18.00000
      -33.61060      -71.67180       39.94430        2.00173      129.55499       17.50000       18.00000
      -38.03930      -73.17300       46.12460        2.65252       94.59487       17.50000       18.00000
      -37.78180      -73.07290       46.12460      234.29680      135.70309       17.50000       18.00000
      -37.52430      -72.97270       46.12460      401.85818      130.38989       17.50000       18.00000
      -37.26680      -72.87260       46.12460      450.85239      133.19260       17.50000       18.00000
      -37.00940      -72.77240       46.12460      359.36850       99.09406       17.50000       18.00000
      -36.75190      -72.67220       46.12460      241.70860      136.54980       17.50000       18.00000
      -36.49440      -72.57210       46.12460      476.14011      101.58610       17.50000       18.00000
      -36.23690      -72.47190       46.12460      912.84528       88.87480       17.50000       18.00000
      -35.97940      -72.37180       46.12460      898.31079      116.40470       17.50000       18.00000
      -35.72200      -72.27160       46.12460      581.50159      142.21651       17.50000       18.00000
      -35.46450      -72.17150       46.12460      286.29761      118.39060       17.50000       18.00000
      -35.20700      -72.07130       46.12460      157.25900      129.01151       17.50000       18.00000
      -34.94950      -71.97110       46.12460      414.95721      141.75050       17.50000       18.00000
      -34.69200      -71.87100       46.12460      616.35999      107.31980       17.50000       18.00000
      -34.43450      -71.77080       46.12460      746.11011      119.30850       17.50000       18.00000
      -34.17710      -71.67070       46.12460      526.58942      123.66020       17.50000       18.00000
      -33.91960      -71.57050       46.12460      250.40289       82.55672       17.50000       18.00000
      -33.66210      -71.47030       46.12460        1.42313      114.75400       17.50000       18.00000
      -38.09080      -72.97160       52.30500        2.79769      133.97180       17.50000       18.00000
      -37.83330      -72.87150       52.30500      231.24229      141.67850       17.50000       18.00000
      -37.57580      -72.77130       52.30500      304.64359      113.69740       17.50000       18.00000
      -37.31830      -72.67120       52.30500      365.14780      107.40490       17.50000       18.00000
      -37.06080      -72.57100       52.30500      196.79221      118.00010       17.50000       18.00000
      -36.80340      -72.47080       52.30500      109.25470      106.48300       17.50000       18.00000
      -36.54590      -72.37070       52.30500      117.66830      141.94110       17.50000       18.00000
      -36.28840      -72.27050       52.30500      237.22479      112.78180       17.50000       18.00000
      -36.03090      -72.17040       52.30500      355.61670      115.87280       17.50000       18.00000
      -35.77340      -72.07020       52.30500      257.89670      111.66620       17.50000       18.00000
      -35.51590      -71.97000       52.30500      211.52950       94.06551       17.50000       18.00000
      -35.25850      -71.86990       52.30500        3.64250       92.69079       17.50000       18.00000
      -35.00100      -71.76970       52.30500       74.23933       98.94059       17.50000       18.00000
      -34.74350      -71.66960       52.30500      288.71201       96.86476       17.50000       18.00000
      -34.48600      -71.56940       52.30500      365.96579      120.36820       17.50000       18.00000
      -34.22850      -71.46920       52.30500      271.54031      133.60139       17.50000       18.00000
      -33.97100      -71.36910       52.30500      201.36810       82.57005       17.50000       18.00000
      -33.71360      -71.26890       52.30500        5.90037      136.71240       17.50000       18.00000
      -38.14220      -72.77020       58.48530        7.55016       85.88792       17.50000       18.00000
      -37.88480      -72.67010       58.48530        1.96626      126.30630       17.50000       18.00000
      -37.62730      -72.56990       58.48530        0.60387       91.38926       17.50000       18.00000
      -37.36980      -72.46970       58.48530        5.62837      121.54430       17.50000       18.00000
      -37.11230      -72.36960       58.48530        9.06247      123.04980       17.50000       18.00000
      -36.85480      -72.26940       58.48530        0.87394      124.61930       17.50000       18.00000
      -36.59730      -72.16930       58.48530        3.38494       91.98961       17.50000       18.00000
      -36.33990      -72.06910       58.48530        3.33964      103.59420       17.50000       18.00000
      -36.08240      -71.96890       58.48530        2.00650      126.41250       17.50000       18.00000
      -35.82490      -71.86880       58.48530        9.01019      114.69530       17.50000       18.00000
      -35.56740      -71.76860       58.48530        3.98212      126.66570       17.50000       18.00000
      -35.30990      -71.66850       58.48530        7.19575      137.13000       17.50000       18.00000
      -35.05250      -71.56830       58.48530        6.59061      115.99710       17.50000       18.00000
      -34.79500      -71.46820       58.48530        7.46006       94.57927       17.50000       18.00000
      -34.53750      -71.36800       58.48530        7.03195      102.89470       17.50000       18.00000
      -34.28000      -71.26780       58.48530        6.49726       86.44215       17.50000       18.00000
      -34.02250      -71.16770       58.48530        6.85666       91.81796       17.50000       18.00000
      -33.76500      -71.06750       58.48530        0.21374       90.08573       17.50000       18.00000
